-105
-105
-105
-104
-104
-104
-104
-107
-107
-110
-110
-104
-104
-104
-104
-108
-108
-103
-103
-107
-107
-108
-108
-108
-108
-106
-106
-99
-99
-101
-101
-97
-97
-99
-99
-99
-99
-95
-95
-95
-95
-100
-100
-101
-101
-98
-98
-100
-100
-97
-97
-101
-101
-99
-99
-98
-98
-102
-102
-99
-99
-90
-90
-78
-78
-85
-85
-81
-81
-79
-79
-86
-86
-85
-85
-92
-92
-90
-90
-88
-88
-83
-83
-81
-81
-77
-77
-78
-78
-83
-83
-81
-81
-80
-80
-84
-84
-86
-86
-75
-75
-80
-80
-77
-77
-81
-81
-81
-81
-79
-79
-84
-84
-91
-91
-88
-88
-86
-86
-87
-87
-91
-91
-84
-84
-86
-86
-94
-94
-83
-83
-85
-85
-95
-95
-94
-94
-84
-84
-89
-89
-93
-93
-91
-91
-91
-91
-83
-83
-95
-95
-79
-79
-89
-89
-90
-90
-80
-80
-90
-90
-87
-87
-95
-95
-80
-80
-82
-82
-95
-95
-89
-89
-89
-89
-90
-90
-85
-85
-81
-81
-92
-92
-82
-82
-91
-91
-77
-77
-85
-85
-81
-81
-89
-89
-93
-93
-88
-88
-83
-83
-89
-89
-89
-89
-83
-83
-89
-89
-86
-86
-81
-81
-85
-85
-85
-85
-83
-83
-96
-96
-90
-90
-85
-85
-91
-91
-83
-83
-92
-92
-88
-88
-92
-92
-85
-85
-91
-91
-72
-72
-74
-74
-87
-87
-91
-91
-78
-78
-86
-86
-82
-82
-84
-84
-81
-81
-82
-82
-91
-91
-77
-77
-82
-82
-79
-79
-84
-84
-89
-89
-82
-82
-76
-76
-79
-79
-86
-86
-87
-87
-78
-78
-79
-79
-82
-82
-75
-75
-93
-93
-79
-79
-82
-82
-81
-81
-78
-78
-77
-77
-72
-72
-84
-84
-93
-93
-83
-83
-75
-75
-74
-74
-85
-85
-91
-91
-96
-96
-95
-95
-99
-99
-96
-96
-101
-101
-95
-95
-94
-94
-91
-91
-96
-96
-93
-93
-93
-93
-97
-97
-93
-93
-90
-90
-96
-96
-95
-95
-93
-93
-97
-97
-94
-94
-95
-95
-95
-95
-95
-93
-93
-92
-92
-90
-90
-90
-90
-92
-92
-94
-94
-94
-94
-92
-92
-92
-93
-93
-93
-98
-98
-96
-96
-96
-96
-92
-92
-94
-94
-93
-93
-99
-99
-101
-101
-96
-96
-94
-94
-99
-99
-96
-96
-99
-99
-99
-99
-102
-102
-105
-105
-104
-104
-101
-101
-104
-104
-104
-100
-100
-100
-100
-100
-100
-96
-96
-99
-99
-99
-99
-100
-100
-100
-100
-95
-95
-100
-100
-107
-107
-99
-99
-97
-97
-89
-89
-96
-96
-101
-101
-95
-95
-104
-104
-92
-92
-101
-101
-109
-109
-108
-108
-99
-99
-93
-93
-103
-103
-106
-106
-98
-98
-106
-106
-103
-103
-105
-105
-107
-107
-106
-106
-106
-106
-109
-109
-108
-108
-106
-106
-107
-107
-104
-104
-102
-102
-104
-104
-101
-101
-100
-100
-108
-108
-103
-103
-107
-107
-108
-108
-108
-108
-106
-106
-108
-108
-104
-104
-106
-106
-106
-106
-103
-103
-102
-102
-99
-99
-103
-103
-110
-110
-111
-111
-119
-119
-110
-110
-114
-114
-113
-113
-117
-117
-113
-113
-112
-112
-116
-116
-108
-108
-109
-109
-106
-106
-106
-106
-108
-108
-109
-109
-110
-110
-107
-107
-107
-107
-112
-112
-114
-114
-111
-111
-110
-110
-111
-111
-108
-108
-114
-114
-112
-112
-113
-113
-110
-110
-112
-112
-109
-109
-105
-105
-106
-106
-103
-103
-101
-101
-109
-109
-105
-105
-106
-106
-105
-105
-104
-104
-105
-105
-105
-105
-112
-112
-112
-112
-109
-109
-109
-109
-104
-104
-99
-99
-99
-99
-101
-101
-97
-97
-97
-97
-99
-99
-100
-100
-101
-101
-97
-97
-99
-99
-100
-100
-101
-101
-102
-102
-101
-101
-98
-98
-101
-101
-100
-100
-101
-101
-101
-101
-101
-101
-102
-102
-100
-100
-101
-101
-102
-102
-100
-100
-100
-100
-99
-99
-101
-101
-100
-100
-100
-100
-102
-102
-101
-101
-100
-100
-100
-100
-97
-97
-100
-100
-100
-100
-95
-95
-103
-103
-108
-108
-101
-101
-107
-107
-105
-105
-97
-97
-97
-97
-100
-100
-104
-104
-99
-99
-100
-100
-106
-106
-101
-101
-104
-104
-104
-104
-102
-102
-104
-104
-99
-99
-100
-100
-104
-104
-105
-105
-104
-104
-106
-106
-104
-104
-105
-105
-104
-104
-104
-104
-104
-104
-103
-103
-104
-104
-107
-107
-110
-110
-105
-105
-107
-107
-105
-105
-105
-105
-104
-104
-104
-104
-103
-103
-105
-105
-109
-109
-105
-105
-104
-104
-105
-105
-104
-104
-108
-108
-101
-101
-103
-103
-107
-107
-98
-98
-99
-99
-91
-91
-97
-97
-93
-93
-99
-99
-90
-90
-92
-92
-92
-92
-84
-84
-82
-82
-95
-95
-96
-96
-93
-93
-93
-93
-92
-92
-95
-95
-104
-104
-89
-89
-92
-92
-99
-99
-97
-97
-102
-102
-94
-94
-95
-95
-99
-99
-103
-103
-92
-92
-102
-102
-99
-99
-94
-94
-99
-99
-109
-109
-104
-104
-102
-102
-108
-108
-105
-105
-101
-101
-100
-100
-107
-107
-99
-99
-95
-95
-91
-91
-103
-103
-108
-108
-101
-101
-98
-98
-105
-105
-104
-104
-100
-100
-106
-106
-105
-105
-105
-105
-109
-109
-106
-106
-106
-106
-106
-106
-101
-101
-96
-96
-98
-98
-95
-95
-94
-94
-94
-94
-96
-96
-100
-100
-105
-105
-103
-103
-103
-103
-104
-104
-106
-106
-109
-109
-107
-107
-107
-107
-104
-104
-109
-109
-108
-108
-106
-106
-111
-111
-109
-109
-110
-110
-103
-103
-105
-105
-97
-97
-94
-94
-97
-97
-93
-93
-96
-96
-98
-98
-102
-102
-105
-105
-102
-102
-103
-103
-105
-105
-108
-108
-104
-104
-107
-107
-107
-107
-104
-104
-104
-104
-101
-101
-105
-105
-111
-111
-110
-110
-113
-113
-113
-113
-112
-112
-111
-111
-110
-110
-111
-111
-104
-104
-102
-102
-106
-106
-109
-109
-114
-114
-112
-112
-110
-110
-111
-111
-111
-111
-110
-110
-114
-114
-113
-113
-113
-113
-113
-113
-112
-112
-112
-112
-112
-112
-115
-115
-116
-116
-118
-118
-120
-120
-122
-122
-116
-116
-115
-115
-118
-118
-112
-112
-116
-116
-112
-112
-110
-110
-106
-106
-111
-111
-104
-104
-112
-112
-113
-113
-113
-113
-113
-113
-113
-113
-110
-110
-108
-108
-99
-99
-96
-96
-93
-93
-90
-90
-90
-90
-93
-93
-93
-93
-87
-87
-87
-87
-83
-83
-91
-91
-81
-81
-77
-77
-79
-79
-87
-87
-88
-88
-85
-85
-87
-87
-87
-87
-87
-87
-81
-81
-70
-70
-75
-75
-81
-81
-77
-77
-87
-87
-92
-92
-81
-81
-82
-82
-87
-87
-85
-85
-83
-83
-88
-88
-87
-87
-89
-89
-90
-90
-91
-91
-89
-89
-90
-90
