-107
-107
-107
-105
-105
-110
-110
-104
-104
-111
-111
-105
-105
-105
-110
-110
-109
-109
-110
-110
-109
-109
-107
-107
-106
-106
-106
-104
-104
-104
-101
-101
-97
-97
-97
-97
-102
-102
-102
-102
-102
-102
-102
-108
-108
-107
-107
-105
-105
-107
-107
-105
-105
-105
-102
-102
-102
-102
-106
-106
-103
-103
-100
-100
-100
-103
-103
-99
-99
-99
-99
-100
-100
-107
-107
-102
-102
-105
-105
-105
-103
-103
-101
-101
-98
-98
-100
-98
-103
-101
-102
-103
-103
-104
-104
-103
-103
-101
-101
-99
-99
-106
-106
-109
-109
-105
-105
-107
-107
-107
-107
-107
-107
-107
-111
-111
-106
-106
-109
-109
-110
-110
-105
-105
-109
-109
-109
-111
-111
-107
-107
-106
-106
-111
-111
-115
-115
-111
-111
-111
-111
-111
-113
-113
-108
-108
-105
-105
-105
-105
-101
-101
-101
-101
-101
-103
-103
-104
-104
-98
-98
-102
-102
-100
-100
-100
-100
-100
-93
-93
-100
-100
-99
-99
-98
-98
-100
-100
-100
-98
-103
-103
-99
-103
-103
-107
-106
-106
-108
-108
-109
-109
-110
-110
-106
-106
-106
-103
-103
-107
-107
-102
-102
-101
-101
-104
-104
-104
-104
-104
-102
-102
-104
-102
-97
-109
-103
-103
-103
-103
-99
-99
-102
-102
-98
-98
-98
-103
-103
-96
-96
-95
-95
-96
-96
-93
-93
-93
-93
-93
-93
-98
-98
-98
-98
-98
-98
-97
-97
-97
-109
-109
-109
-109
-109
-108
-108
-108
-108
-106
-106
-106
-106
-102
-102
-103
-103
-103
-104
-104
-102
-102
-104
-104
-104
-104
-105
-105
-104
-104
-106
-106
-104
-104
-104
-104
-104
-104
-105
-105
-104
-104
-105
-105
-105
-105
-105
-105
-99
-99
-103
-103
-103
-103
-103
-102
-102
-102
-102
-102
-102
-102
-102
-102
-105
-105
-105
-105
-100
-100
-100
-100
-105
-105
-105
-105
-105
-109
-109
-109
-109
-104
-104
-104
-104
-104
-104
-104
-104
-102
-102
-102
-102
-96
-96
-96
-96
-96
-104
-104
-104
-104
-106
-106
-106
-106
-107
-107
-107
-107
-107
-106
-106
-106
-106
-109
-109
-109
-109
-106
-106
-106
-106
-108
-108
-108
-108
-108
-107
-107
-107
-107
-105
-105
-105
-105
-106
-106
-106
-106
-106
-100
-100
-100
-100
-101
-101
-101
-101
-103
-103
-103
-103
-98
-98
-98
-98
-98
-103
-103
-103
-103
-97
-97
-97
-97
-96
-96
-96
-96
-99
-99
-99
-99
-99
-102
-102
-102
-102
-103
-103
-103
-103
-101
-101
-101
-101
-101
-101
-101
-101
-101
-105
-105
-105
-105
-102
-102
-102
-102
-105
-105
-105
-105
-105
-104
-104
-104
-104
-108
-108
-108
-108
-112
-112
-112
-112
-108
-108
-108
-108
-108
-108
-108
-108
-108
-109
-109
-109
-109
-110
-110
-110
-110
-110
-110
-110
-110
-103
-103
-103
-103
-103
-104
-104
-104
-104
-103
-103
-103
-103
-110
-110
-110
-110
-110
-110
-110
-110
-110
-109
-109
-109
-109
-109
-109
-109
-109
-109
-109
-109
-109
-107
-107
-107
-107
-107
-106
-106
-106
-106
-104
-104
-104
-104
-103
-103
-103
-103
-102
-102
-102
-102
-102
-102
-102
-102
-102
-105
-105
-105
-105
-99
-99
-99
-99
-105
-105
-105
-105
-105
-103
-103
-103
-103
-99
-99
-99
-99
-102
-102
-102
-102
-100
-100
-100
-100
-101
-101
-101
-101
-101
-96
-96
-96
-96
-102
-102
-102
-102
-108
-108
-108
-108
-105
-105
-105
-105
-105
-103
-103
-103
-103
-99
-99
-99
-99
-102
-102
-102
-102
-107
-107
-107
-107
-107
-108
-108
-108
-108
-111
-111
-111
-111
-107
-107
-107
-107
-102
-102
-102
-102
-103
-103
-103
-103
-103
-104
-104
-104
-104
-106
-106
-106
-106
-107
-107
-107
-106
-106
-106
-106
-107
-107
-107
-107
-105
-105
-105
-105
-98
-98
-98
-98
-104
-104
-104
-104
-104
-108
-108
-108
-108
-105
-105
-105
-105
-109
-109
-109
-109
-108
-108
-108
-108
-108
-110
-110
-110
-110
-113
-113
-113
-113
-113
-113
-113
-113
-111
-111
-111
-111
-107
-107
-107
-107
-108
-108
-108
-108
-110
-110
-110
-110
-113
-113
-113
-113
-113
-112
-112
-112
-112
-115
-115
-115
-115
-112
-112
-112
-112
-113
-113
-113
-113
-113
-116
-116
-116
-116
-114
-114
-114
-114
-109
-109
-109
-109
-107
-107
-107
-107
-107
-112
-112
-112
-112
-112
-112
-112
-112
-112
-112
-112
-108
-108
-108
-108
-109
-109
-109
-109
-109
-109
-109
-109
-108
-108
-108
-108
-109
-109
-113
-113
-109
-109
-114
-114
-109
-109
-110
-110
-109
-109
-109
-109
-109
-109
-109
-109
-109
-109
-108
-108
-108
-109
-109
-109
-109
-109
-113
-113
-113
-113
-112
-112
-112
-112
-105
-105
-105
-105
-106
-106
-106
-106
-106
-108
-108
-108
-108
-103
-103
-103
-103
-103
-103
-103
-103
-104
-104
-104
-104
-104
-107
-107
-107
-107
-106
-106
-106
-106
-103
-103
-103
-100
-100
-100
-100
-101
-101
-101
-102
-102
-101
-101
-103
-103
-103
-103
-100
-100
-100
-99
-99
-97
-97
-97
-97
-98
-109
-109
-109
-109
-109
-109
-109
-109
-109
-103
-103
-103
-103
-100
-100
-100
-100
-102
-102
-102
-102
-102
-102
-102
-102
-102
-102
-102
-102
-106
-106
-106
-106
-106
-105
-105
-105
-105
-108
-108
-108
-108
-110
-110
-110
-110
-110
-110
-110
-110
-110
-110
-110
-110
-107
-107
-107
-106
-106
-108
-108
-106
-106
-106
-104
-104
-104
-104
-101
-101
-101
-101
-101
-103
-103
-103
-103
-96
-96
-96
-96
-102
-102
-102
-102
-99
-99
-99
-99
-99
-99
-99
-99
-97
-97
-97
-97
-91
-91
-91
-91
-91
-91
-91
-91
-94
-94
-94
-94
-94
-94
-94
-94
-94
-94
-94
-94
-94
-94
-94
-94
-94
-100
-100
-100
-100
-99
-99
-99
-99
-101
-101
-101
-101
-101
-98
-98
-98
-98
-92
-92
-92
-92
-96
-96
-96
-96
-102
-102
-102
-102
-110
-110
-110
-110
-109
-109
-109
-109
-109
-108
-108
-108
-108
-108
-108
-108
-106
-106
-103
-103
-107
-107
-107
-107
-107
-107
-107
-106
-106
-106
-107
-107
-110
-110
-110
-110
-113
-113
-113
-113
-116
-116
-116
-116
-113
-113
-113
-113
-112
-112
-112
-112
-123
-123
-123
-123
-124
-124
-124
-124
-122
-122
-122
-122
-122
-125
-125
-125
-125
-127
-127
-127
-127
-126
-126
-126
-126
-126
-126
-126
-126
-125
-125
-125
-125
-120
-120
-120
-120
-120
-116
-116
-116
-116
-124
-124
-124
-124
-122
-122
-122
-122
-123
-123
-123
-123
-120
-120
-120
-120
-124
-124
-124
-124
-124
-125
-125
-125
-125
-125
-125
-125
-124
-124
-124
-124
-118
-118
-118
-118
-116
-116
-116
-116
-117
-117
-117
-117
-126
-126
-126
-126
-126
-130
-130
-130
-130
-129
-129
-129
-129
-131
-131
-131
-131
-132
-132
-132
-132
-132
-132
-132
-132
-110
-110
-110
-110
-112
-112
-112
-112
-112
-112
-112
-112
-112
-114
-114
-114
-114
-113
-113
-113
-113
-111
-111
-111
-111
-109
-109
-109
-109
-110
-110
-110
-110
-112
-112
-112
-112
-115
-115
-115
-115
-115
-118
-118
-118
-118
-112
-112
-112
-112
-114
-114
-114
-114
-102
-102
-102
-102
-112
-112
-112
-112
-113
-113
-113
-113
-111
-111
-111
-111
-109
-109
-109
-109
-109
-113
-113
-113
-113
-114
-114
-114
-114
-112
-112
-112
-112
-112
-112
-112
-112
-109
-109
-109
-109
-107
-107
-107
-107
-105
-105
-105
-105
-111
-111
-111
-111
-111
-111
-111
-111
-110
-110
-110
-110
-112
-112
-112
-112
-106
-106
-106
-106
-106
-105
-105
-105
-105
-107
-107
-107
-107
-104
-104
-104
-104
-103
-103
-103
-103
-103
-103
-103
-103
-107
-107
-107
-107
-106
-106
-106
-106
-103
-103
-103
-103
-103
-103
-103
-103
-103
-109
-109
-109
-109
-109
-109
-109
-109
-110
-110
-110
-110
-108
-108
-108
-108
-101
-101
-101
-101
-101
-101
-101
-101
-101
-101
-101
-101
-101
-102
-102
-102
-102
-98
-98
-98
-98
-100
-100
-100
-100
-99
-99
-99
-99
-96
-96
-96
-96
-96
-96
-96
-96
-96
-96
-96
-96
-96
-94
-94
-94
-94
-94
-94
-94
-94
-94
-94
-94
-94
-89
-89
-89
-89
-95
-95
-95
-95
-98
-98
-98
-98
-95
-95
-95
-95
-100
-100
-100
-100
-100
-94
-94
-94
-94
-90
-90
-90
-90
-97
-97
-97
-97
-94
-94
-94
-94
-91
-91
-91
-91
-100
-100
-100
-100
-98
-98
-98
-98
-98
-100
-100
-100
-100
-91
-91
-91
-91
-93
-93
-93
-93
-93
-93
-93
-93
-91
-91
-91
-91
-97
-97
-97
-97
-92
-92
-92
-92
-92
-93
-93
-93
-93
-93
-93
-93
-93
-95
-95
-95
-95
-97
-97
-97
