-112
-111
-111
-112
-112
-112
-112
-113
-113
-117
-117
-115
-115
-115
-115
-114
-114
-114
-114
-114
-114
-114
-114
-113
-113
-113
-113
-113
-113
-113
-113
-113
-113
-115
-115
-120
-120
-121
-121
-129
-129
-120
-120
-118
-118
-115
-115
-109
-109
-116
-116
-113
-113
-115
-115
-110
-110
-107
-107
-113
-113
-112
-112
-111
-111
-111
-111
-112
-112
-111
-111
-111
-111
-110
-110
-111
-111
-111
-111
-111
-111
-110
-110
-110
-110
-113
-113
-111
-111
-111
-111
-111
-111
-111
-111
-111
-111
-110
-110
-111
-111
-110
-110
-113
-113
-113
-113
-113
-113
-113
-113
-112
-112
-112
-112
-111
-111
-111
-111
-111
-111
-111
-111
-110
-110
-111
-111
-111
-111
-111
-111
-119
-119
-120
-120
-119
-119
-116
-116
-115
-115
-115
-115
-115
-115
-115
-115
-115
-115
-115
-115
-114
-114
-115
-115
-115
-115
-116
-116
-114
-114
-114
-114
-115
-115
-117
-117
-114
-114
-114
-114
-115
-115
-115
-115
-115
-115
-114
-114
-114
-114
-115
-115
-114
-114
-115
-115
-115
-115
-114
-114
-115
-115
-115
-115
-115
-115
-115
-115
-115
-111
-111
-113
-113
-110
-110
-109
-109
-109
-101
-101
-111
-111
-110
-110
-105
-105
-107
-107
-114
-114
-119
-119
-114
-114
-118
-118
-118
-118
-119
-119
-121
-118
-118
-118
-118
-118
-117
-117
-119
-119
-119
-118
-118
-118
-117
-117
-117
-115
-115
-116
-116
-112
-112
-105
-105
-103
-103
-103
-101
-101
-101
-101
-100
-100
-100
-100
-107
-107
-105
-105
-105
-101
-101
-101
-101
-105
-105
-105
-105
-105
-105
-105
-105
-103
-103
-103
-103
-103
-103
-103
-103
-104
-104
-104
-104
-104
-104
-104
-104
-104
-95
-95
-95
-95
-105
-105
-105
-105
-94
-94
-94
-100
-100
-100
-100
-103
-103
-103
-103
-103
-97
-97
-97
-99
-99
-101
-101
-101
-101
-99
-99
-99
-99
-99
-98
-98
-102
-102
-102
-102
-100
-100
-100
-100
-99
-99
-99
-99
-98
-98
-98
-101
-101
-101
-99
-99
-99
-102
-102
-102
-102
-102
-102
-102
-100
-100
-100
-98
-98
-98
-98
-96
-96
-96
-91
-91
-91
-91
-93
-93
-93
-93
-94
-94
-94
-95
-95
-95
-95
-95
-95
-95
-95
-96
-96
-96
-96
-92
-92
-92
-92
-94
-94
-94
-94
-93
-93
-93
-93
-93
-91
-91
-91
-91
-91
-91
-91
-99
-99
-99
-99
-99
-99
-99
-99
-99
-96
-96
-96
-96
-96
-96
-96
-96
-96
-95
-95
-95
-95
-95
-99
-99
-99
-99
-99
-99
-99
-96
-96
-96
-96
-96
-96
-96
-96
-96
-96
-96
-89
-89
-89
-96
-96
-96
-96
-95
-95
-95
-95
-94
-94
-94
-94
-87
-87
-87
-85
-85
-85
-89
-89
-89
-89
-95
-95
-95
-95
-95
-92
-92
-88
-88
-88
-88
-82
-82
-82
-82
-86
-86
-86
-86
-86
-83
-83
-83
-79
-79
-79
-81
-81
-81
-81
-81
-90
-90
-90
-90
-80
-80
-80
-96
-96
-96
-97
-97
-97
-97
-97
-93
-93
-93
-93
-87
-87
-87
-87
-81
-81
-81
-78
-78
-85
-85
-85
-81
-81
-81
-81
-84
-84
-84
-84
-84
-87
-87
-87
-88
-88
-88
-84
-84
-84
-84
-85
-85
-85
-85
-87
-87
-87
-90
-90
-90
-91
-91
-91
-91
-91
-91
-91
-91
-91
-91
-91
-91
-90
-90
-90
-89
-89
-89
-89
-74
-74
-74
-74
-86
-86
-86
-86
-92
-92
-92
-93
-93
-93
-93
-90
-90
-90
-90
-88
-88
-88
-88
-84
-84
-84
-84
-84
-78
-78
-78
-78
-87
-87
-87
-92
-92
-92
-81
-81
-81
-81
-86
-86
-86
-86
-88
-88
-88
-88
-87
-87
-87
-87
-87
-87
-87
-87
-88
-88
-88
-88
-88
-84
-84
-84
-86
-86
-86
-95
-95
-95
-91
-91
-91
-91
-91
-89
-89
-89
-89
-90
-90
-93
-93
-93
-89
-89
-89
-89
-93
-93
-93
-93
-96
-96
-96
-96
-96
-90
-90
-90
-90
-87
-87
-87
-87
-92
-92
-92
-92
-92
-93
-93
-93
-93
-88
-88
-88
-97
-97
-97
-97
-99
-99
-99
-99
-99
-91
-91
-91
-91
-79
-79
-79
-79
-88
-88
-86
-86
-86
-86
-88
-88
-88
-88
-86
-86
-86
-86
-90
-90
-88
-88
-88
-86
-86
-86
-86
-86
-88
-88
-88
-88
-85
-85
-85
-90
-90
-85
-85
-85
-85
-89
-89
-89
-89
-86
-86
-86
-86
-94
-94
-94
-94
-94
-94
-85
-85
-85
-85
-88
-88
-88
-88
-88
-91
-91
-91
-90
-90
-93
-93
-93
-93
-93
-93
-93
-93
-90
-90
-90
-88
-88
-88
-83
-83
-83
-83
-88
-88
-89
-89
-89
-85
-85
-86
-86
-86
-86
-86
-82
-82
-86
-86
-84
-84
-85
-85
-83
-83
-88
-88
-87
-87
-83
-83
-83
-95
-95
-96
-96
-99
-99
-99
-95
-95
-95
-95
-96
-96
-93
-93
-93
-93
-93
-93
-92
-92
-92
-92
-94
-94
-96
-96
-96
-96
-96
-96
-96
-97
-97
-95
-95
-95
-95
-95
-95
-95
-95
-95
-91
-91
-91
-91
-97
-97
-97
-97
-95
-95
-95
-95
-97
-97
-96
-96
-96
-98
-98
-98
-97
-97
-97
-97
-97
-93
-93
-91
-91
-91
-97
-97
-97
-97
-96
-96
-96
-96
-96
-93
-93
-93
-86
-86
-86
-89
-89
-89
-89
-89
-90
-90
-90
-90
-94
-94
-94
-98
-98
-98
-98
