-56.2838132001079
-55.0956905655113
-53.7073891746474
-52.8959272444462
-52.5204805318990
-51.8862330445598
-51.3439554406128
-50.8041911669796
-49.8518564095250
-49.0511250626660
-48.9234282582538
-49.0554136113578
-49.0478951169528
-48.8868043955849
-48.9842209674213
-48.5336701184504
-48.4231513144278
-48.5404134916505
-48.4553062168588
-48.4048713788040
-48.3904148720803
-48.6571317272491
-49.2155784371836
-49.7306797163067
-50.1559561055438
-50.0712695261817
-50.4738313977078
-50.8977935255918
-51.4564144006758
-51.6426425910953
-52.0386430278233
-52.4134831799110
-52.6582037674039
-52.3806323980294
-52.2066114060274
-52.0785151191611
-50.8610883639503
-50.4400175601999
-50.4363503394992
-49.7067148982940
-49.2451266974039
-49.7234759501738
-50.2132386588032
-49.0630107581714
-47.9260763485498
-47.2868970309274
-47.2746793170403
-47.6472506602122
-48.2872934465727
-48.7624807480794
-49.2724254551170
-49.7858059326615
-49.7531208660137
-48.9752599380125
-48.4031682337188
-47.8439289434668
-47.6680786905426
-47.2492053047816
-47.1597316482443
-47.2601416689138
-47.1818212935755
-46.9656536938409
-46.9036199936532
-46.6456288304309
-46.3276420330370
-46.3750862782380
-46.3630117009045
-46.0976922349348
-46.2913590698783
-46.6906950849077
-47.0464708848954
-47.7400521118040
-48.8594555228266
-49.8052405849418
-49.8377509885431
-49.5804191961204
-49.5802815463896
-49.5242604118966
-49.5852654889503
-49.4694816036569
-48.7716516344114
-48.4570329358732
-48.8391628739336
-50.1011829289390
-51.8348168511257
-53.1405646217163
-54.3593385780302
-55.6974600804705
-57.6748532999419
-60.5763236093412
-59.1303012017886
-58.4525197265004
-57.8109542817564
-56.4149132685764
-55.9248761844664
-55.5055659717229
-55.4476778110176
-56.3666278490251
-57.7676985343348
-57.6638809567728
-58.7898805720571
-59.6656259462439
-58.8124110817020
-56.7693972632193
-56.0766685905117
-55.9400726487759
-56.1368890542454
-56.2882519314926
-56.9262034143394
-58.0635943104347
-57.6343934290336
-56.8711066841179
-57.3668836238005
-58.3322938220540
-58.3780215919405
-57.0061825341705
-54.7002639433488
-53.8983987104871
-53.5370343170158
-53.0785076468652
-53.2411138551099
-53.4466075077927
-53.6847006341978
-53.6846190103202
-53.5847773780218
-54.1443625280027
-54.3169512918250
-53.0343347059900
-52.1889388856425
-52.3261157623922
-53.4403398657794
-54.4815894460180
-55.6312847500175
-54.7935201442964
-53.3243055025313
-52.9363333997995
-52.6652847121181
-52.3753459176945
-51.7421341587017
-51.2344748329424
-51.0725191728448
-51.1892414921176
-50.7918094070476
-49.8204667712088
-48.9231446103464
-49.1111847663991
-49.6159318713507
-50.3345886369741
-50.6950948599471
-50.1263898592465
-49.3441927727390
-48.7160762214927
-47.9695563667559
-47.4303811797901
-47.2347052273526
-47.1234577480509
-46.8149661706596
-46.8714119039101
-47.1122647862145
-47.4236864891429
-48.0494291007795
-48.6772618608072
-48.4201292345358
-48.1026546703208
-48.2980821710614
-48.2741056229975
-48.3322229596412
-49.0192152956385
-49.6209952569341
-49.7590450656001
-50.1197969818384
-50.2232140220547
-50.0992234814154
-49.9448479789007
-49.9251552232921
-49.9987388398394
-50.1770329023574
-50.5316439474267
-50.8174859008638
-51.6213568397375
-52.9732510833672
-54.0862700183523
-54.5296537447956
-53.1155229921563
-52.0787248809840
-52.2978949397350
-53.2103578784842
-54.4291162724533
-55.7604679442675
-55.8054810007243
-56.2140910116022
-55.6848905091991
-54.5792827805688
-52.7449216555536
-52.0329874089778
-51.6441235934767
-50.9562767488488
-50.6292220314341
-51.1177686824407
-51.9053389263416
-51.7056176121317
-51.5533585211257
-51.7450793792019
-52.2760680121441
-53.3565705107188
-54.1159504406124
-53.2576843655142
-52.1618756993895
-51.7058143169204
-52.0875710501012
-52.1934441271254
-52.1581022922462
-51.9553715186652
-51.7929080641084
-51.8409361848437
-51.3954498275919
-50.2118978130170
-49.3001125288530
-48.8253064973154
-48.6927121124952
-48.6396827224128
-48.6216081745721
-48.2711992768552
-48.1000090928539
-48.4439350017542
-48.6145305787887
-48.3329903201238
-48.7685495993440
-49.6374200903262
-49.7810286006190
-50.1829645511920
-50.9055206087431
-51.3340862970541
-51.3480835732722
-50.7297682986753
-50.5437078135751
-50.0973521799090
-49.2965756071642
-49.3829085634791
-49.8656658198196
-50.4983037517449
-51.3214255976301
-51.7665395932682
-52.2600867901882
-52.7931357014240
-53.0746225266648
-52.8662087801668
-52.8676826861302
-53.4990693136758
-54.1322665749036
-54.5133631418994
-55.1608145069976
-55.2655461511422
-54.9087740598537
-54.5953094588025
-54.5480536001494
-55.0670598524448
-55.3631803148958
-55.1675717804628
-55.3232851751306
-55.3379929624886
-54.9184119449991
-54.5701799328522
-54.2993734595816
-54.6301844627829
-55.4775705600509
-56.3576526539631
-57.5440895405028
-57.3506867844660
-56.9635718606036
-56.3232209627176
-56.1281346918380
-56.8881301608136
-58.0387842932656
-58.4379406989057
-57.9494441217643
-57.5966593819896
-57.3138428380487
-57.1636399350199
-56.5077712073678
-55.5322666616435
-55.0847448063417
-55.3886287499686
-55.0429546696319
-55.0543698092336
-55.3642395163305
-56.3229385029812
-57.3171606467628
-58.2230801490686
-61.8203351808405
-63.9533383458401
-59.4019315309137
-56.4470812859542
-55.4710082672617
-54.3760859172533
-52.4919091105717
-51.4144586744107
-50.8641096378750
-51.0288343925870
-51.1328008093480
-51.1292850226581
-51.0732532577025
-51.4468297593101
-53.0650204880374
-54.2690574071438
-53.8629628310308
-52.9157247210320
-52.2915536832524
-51.7988291738578
-51.6278669391466
-52.2829612423754
-52.9571414548794
-52.4174514042095
-51.7485657184258
-51.6049091448476
-52.0442230529838
-52.0188097074798
-52.0232861698733
-51.8016161220506
-51.4449129877200
-50.8491156057194
-50.5920102666569
-51.2835483612803
-52.0018174358843
-52.6950571293243
-53.7355353290050
-53.3657619338071
-53.0236112673933
-53.0670944153847
-53.0492854755781
-52.4125126429710
-51.7858150347448
-52.1916363505856
-52.7705873570683
-52.9354129656707
-52.5992576132962
-52.6640945715424
-52.9494175792950
-54.4972377718174
-55.5814201962807
-55.6358489707571
-55.7947890504265
-56.5234816312005
-56.6425674336365
-55.9765975042545
-55.3004041951439
-54.1561360421455
-53.3392780865990
-53.2572684359710
-53.8456523581541
-54.6823190094996
-54.2664621168856
-54.1095192637983
-54.0690843102747
-54.1540210109667
-54.0463398058357
-55.0319900951686
-56.2714811165074
-56.6128462679149
-56.2001225432030
-55.2353256915926
-53.3845224882117
-52.3482090089767
-52.1274790433896
-52.0960408608435
-51.4581901035222
-51.1715741967074
-51.1424450635258
-51.8912531509912
-51.9151082936490
-51.2267936093435
-50.5657824574457
-50.7691833057873
-51.1273664194808
-51.8435611598356
-53.0548289840257
-53.6729843022299
-53.2151333723735
-53.0938483793547
-53.7369299261278
-54.8042514609236
-55.2648768566016
-55.1132633680913
-55.2065626495545
-55.5860021994874
-55.5670426272830
-56.3025979267242
-56.3021993103944
-55.7495156763494
-55.3225155772736
-54.7363874674439
-54.7140483188617
-55.6108741522485
-57.0862612265521
-58.0680973566218
-59.0666150657834
-59.3327245834177
-59.4740046515026
-59.4267294581410
-61.7090226316552
-63.5284160779037
-65.1388602307386
-67.5987250541067
-62.9361007388757
-59.4953702583175
-57.9404599426474
-58.2000745612949
-59.6344056993809
-59.9001455436884
-59.1436756160423
-57.7889676180603
-57.1298214276739
-57.1315627739618
-57.2184787160651
-57.0964781209172
-56.6615318376549
-56.2920267771350
-57.1723201872726
-59.1586713007718
-59.4977875852224
-60.3167923602976
-60.7434811284187
-61.8512494625098
-65.6818156314916
-64.6997762383643
-61.5325868879093
-59.5108034454456
-59.1663576029642
-58.6159570051390
-58.3501752800618
-58.9248144008242
-57.3160926448638
-55.5444327147708
-54.1719547981804
-53.5352908922905
-53.4003537506288
-53.3951152984347
-53.7993571642781
-54.6022591270766
-54.4477345792615
-54.0810524428150
-54.6712683929387
-55.5964987818710
-56.4384829833985
-56.6132638322278
-55.9219605745571
-55.7973116401208
-56.0095739473559
-55.8932390486929
-55.1697500193800
-53.5522160088646
-52.6632038767423
-52.1445065429125
-52.7200048937751
-53.3287387989198
-53.6525783216703
-54.2603480756159
-55.2619084061773
-55.9733293152720
-56.3348088151082
-56.8078201305483
-57.0776691780253
-57.3788652170087
-59.1016338332168
-61.0240686977157
-60.6939760260840
-58.1700532953300
-55.7072803988970
-54.3151358818086
-54.1089198260931
-53.5901296485382
-53.7179717877000
-53.8330776263971
-53.2845068573489
-52.3090158394030
-51.8513985918384
-51.7461473040241
-51.9342888323408
-52.7547935325438
-53.2685870758481
-53.7071278959644
-54.3434537549487
-54.7336201744294
-55.4179553615812
-56.1958991202509
-57.2339698472354
-58.0535888365649
-58.4616741742824
-59.7216441508744
-61.6609854354839
-64.6351555231476
-67.3361825249905
-67.8739271672866
-65.8246388621161
-63.8729462261926
-63.0794499124222
-62.2861809416209
-61.6077872770051
-61.7168757956434
-63.1062918899217
-65.3151741054308
-67.5989027203932
-68.7842334868748
-66.5703600367773
-62.7444170995376
-60.7960323935848
-60.0870933850669
-60.6595072081897
-60.8611311439314
-60.9795582880791
-60.7792638947328
-59.7516978055115
-58.3802664105300
-57.3765573253138
-57.5016713417697
-57.9821222366419
-58.8946602738761
-60.2100931867488
-61.1875374881263
-62.4180646890073
-59.4637943443433
-57.5833187391108
-57.9922837388193
-59.6969912223380
-60.8770712769350
-60.6447063618747
-59.8556793847244
-58.3441263600070
-57.0146082983288
-56.1148181109967
-55.6932216034653
-55.7345437728197
-55.6641915928962
-55.8805853657248
-56.1564257865391
-55.8230708577410
-55.7332470643481
-55.9008312831755
-56.2942396803193
-56.3764617265361
-56.3462505768445
-56.5389037264497
-56.4738386176619
-56.1675474667469
-55.8481029334332
-55.4333537832659
-54.6075735062039
-53.0543120186042
-51.9026938493357
-52.0469845262084
-52.2156307969917
-51.7979693987728
-51.3712336796950
-50.5098408892394
-49.8127122685108
-49.8458760547282
-49.9172136567674
-49.6787705820160
-49.7027139278540
-50.0447661893172
-50.5738812216765
-50.8444000104348
-51.6725988341588
-52.6520361501712
-53.4544954394396
-53.8388589412379
-53.4853628640474
-53.5986280697455
-53.8659504165454
-54.5024551439048
-54.6869800513882
-53.8097351395190
-52.6354728019433
-51.8161542647129
-51.0946265687436
-50.7250555711989
-50.8381387345738
-50.6868800783601
-50.3046275200483
-50.0573389457838
-50.1457130184384
-50.7991756249999
-50.9712268202748
-49.7954263475416
-48.5838889894907
-47.9502101862968
-47.6506090974371
-47.4080894229850
-47.2905716534570
-47.3312719086576
-47.1872569744680
-47.0690947622734
-47.2975436965076
-47.8930366400132
-47.9700024355495
-47.4074244504539
-46.6089344782895
-46.5357497131219
-46.8816820257243
-47.1386791322070
-47.3959449006275
-47.7678821078970
-48.3436967929704
-48.5959823704482
-48.8711416596028
-49.3382658542975
-49.2985011816317
-48.9004148970551
-48.8646259024023
-49.3952719958035
-49.6389848149734
-49.7541804705625
-50.0360223886218
-50.0758989682472
-49.6448476683349
-49.1392478019212
-48.8555593315202
-48.7479193590646
-48.4726366490851
-48.0438614136667
-47.7619723987618
-47.6993019558815
-48.0052796501540
-48.7581085396051
-49.2448922905500
-49.1440696625620
-48.7958962517825
-48.4121513925362
-48.2970746685160
-48.4482149307389
-48.8728429309068
-49.1464181256068
-49.2479971376426
-49.3834906257670
-49.8001458754592
-49.9536412774848
-49.5521871499923
-48.9672432098827
-49.4915104113600
-51.0877539671627
-52.1690313763700
-52.6693072733970
-52.4851497436348
-51.9912391335044
-51.4876695570837
-51.6616333485612
-52.2794194991618
-52.9122594124174
-53.0524893242819
-52.0071629333352
-51.4355496138251
-51.3371474540060
-52.0330245919621
-52.6558688154400
-53.7734514947122
-54.4410493985024
-54.1239574657292
-54.1753372649054
-55.0080564976408
-55.1402369957412
-54.2030634841925
-52.4754802583408
-51.7039075565903
-51.6333646540221
-52.3808956914562
-53.1483402047377
-53.2606204256099
-53.4609355560196
-54.1036707804901
-54.7449578701241
-55.5131028390850
-56.3624868192740
-57.2029516489085
-56.3493157623446
-54.3656562472848
-53.1434776832526
-53.1384135885218
-53.6020155376185
-53.2336598797944
-52.2810888446620
-51.2762993959688
-50.7370426028796
-50.9351848088865
-51.1660365825124
-51.4625559437793
-51.7134722404443
-51.8556613422279
-52.1320043307362
-52.6322269086531
-53.3163295534850
-54.1789508961146
-55.5360887043850
-55.9991473577668
-55.9386135577112
-55.1831534961424
-53.3762858998186
-52.0786791077353
-51.6965434826883
-51.1452217201643
-50.5394490395471
-50.3178777599554
-49.9698173411522
-49.3700391482648
-48.8997650697686
-48.3734937032375
-48.1440063790875
-48.4300429937135
-48.7654462575464
-48.8024983856775
-48.6475677199816
-48.2852082071657
-47.9637240385320
-47.8370027995620
-47.7850616135006
-47.6680508586431
-47.7546000689892
-47.9002769625283
-48.0243383302400
-48.3999526225085
-48.5453719724314
-48.9168957321288
-49.4758700853652
-49.4105737799931
-49.2004369993763
-49.0355204967360
-49.3942635100564
-49.9534544186046
-50.3941023545918
-50.1228412832117
-49.5419308694342
-48.9658592467223
-49.1358548379772
-49.2452940373481
-49.1591016636802
-49.2670540710847
-49.1768696332767
-49.0547036049927
-48.3689528104999
-48.1750469620141
-48.9664616179283
-49.3399774019150
-49.2355745543868
-48.7444381326196
-48.1235852279675
-47.6217620853794
-47.4687036952535
-47.5951292641660
-47.7606757740160
-48.0272781686340
-48.3524184046909
-48.8133035613391
-49.4720960452109
-49.9277212122301
-49.8050721015401
-49.3040343101833
-49.1581163586526
-49.2171815481302
-50.0286846758652
-50.9806937384057
-51.1519363508735
-50.3817126938913
-49.9237266979651
-50.5172959176427
-51.3311263811668
-51.2371362666264
-51.2070738446282
-51.0395897178681
-50.5532003667690
-49.8605174979627
-49.0594481969068
-48.6366625338410
-48.2196319634645
-47.9665196238043
-47.9618013115201
-47.6267903951265
-47.2945338586339
-46.9635915938868
-46.7005311416945
-46.7923584721408
-47.3825692190020
-47.5574375136123
-47.6980098621002
-48.1246775007500
-48.5900684499100
-48.6603183910625
-48.7486348398479
-48.7660764542508
-48.8312215399253
-49.2587143505105
-49.4896896121933
-49.5618218966999
-49.5101546821518
-49.3108608018315
-49.6030472484713
-49.7836037322325
-49.6607567869740
-50.1110030947260
-50.4658030092903
-50.9119117593588
-51.2212577358531
-51.3512593759874
-51.5711174302837
-51.5610443108967
-51.8220379747095
-52.3172639645796
-52.9328671519799
-52.9863982585486
-52.5165012028823
-52.3352468898704
-52.1553017698750
-52.2228081703721
-52.5798219129055
-53.0350652341048
-53.0549302964198
-53.0223675475612
-52.8770194078152
-52.7112516322546
-52.5021251508788
-52.6416903118636
-52.8302065424942
-53.5767885776129
-54.1496548492548
-54.7456207594568
-55.1586879972362
-54.9978723563307
-55.3259647970182
-56.1012447732089
-56.0483034575265
-55.2655670886457
-54.6654861328603
-54.4947186970572
-54.5381814394620
-54.4853078809819
-54.6656446672502
-54.9188020334165
-55.1137786021635
-55.6888176233898
-56.7886408841234
-56.8437474165624
-56.3137449757942
-56.1431121521087
-56.4649246044748
-57.1575255201161
-57.3955484856606
-58.0135835637677
-59.8635516441522
-61.8711764310111
-61.6683810591258
-60.5485331261733
-59.8263375539866
-59.1130009631051
-57.6036605175868
-56.9788040559370
-57.2837240901213
-56.8244401316574
-56.1769924636595
-56.1132067054206
-55.7039474470799
-54.8567985507575
-54.7281860642135
-54.4837835799012
-54.1317890413724
-54.2804153648391
-55.3153978806190
-56.1044929645689
-57.2493116932601
-58.3091403838365
-59.4602254250230
-59.7614883300541
-59.6247043680489
-58.8825178521067
-58.2385197816049
-58.3339064895622
-59.2476711366893
-59.6695489914286
-58.9009779764525
-57.2914830185827
-55.7161316739904
-54.9169860643841
-54.3264061657297
-54.4275104825382
-55.2604957701694
-56.6189158416680
-56.9742377275374
-57.1851651596625
-57.9375539244844
-58.4534550069198
-59.0187914653689
-58.7543609645882
-58.1823570263701
-57.7980563640620
-56.9198208276275
-56.3347669620642
-55.7770192587641
-55.9409547072964
-55.7029975567545
-55.5934723472635
-55.4922639400877
-56.1138368615761
-57.5519876919883
-58.2874511093577
-58.5134774202864
-58.4996921962990
-58.6045691435937
-58.5347312165030
-58.8318642343133
-59.2712917198754
-59.3784421379197
-58.8297055183007
-58.1403043108668
-57.5172838332293
-57.0784997685929
-57.0383553304223
-57.8859075273446
-58.7553086021144
-58.5447790946546
-58.0705999297282
-57.3277570416603
-56.4853529282085
-55.8057540045673
-55.1104465785929
-54.6348301964656
-54.5570236110588
-54.7307140029718
-55.0448258918025
-55.4158651071877
-55.7005030811655
-55.6428459853677
-56.1372825336540
-56.2736004330784
-55.8893211680545
-55.9841622797536
-55.9918379124592
-56.4820651097672
-57.4212914213524
-58.1555927704765
-58.5600815622679
-59.3905335190438
-60.7130950886474
-62.4441349232447
-64.0770529748554
-64.5339539103560
-65.9129433997162
-67.7802649680132
-69.0396899564186
-66.7101149424404
-64.3446000274395
-62.9865157636456
-62.5575988892006
-62.4353081310049
-62.5618304493378
-64.4404926493728
-65.9032593899093
-65.7284908180851
-64.7753206702860
-64.4887548650813
-64.9093160045738
-64.3770326962248
-64.7663366439465
-66.1766933467885
-63.8627415985765
-62.5594720177661
-61.9399470761746
-61.5623899941991
-62.3733351813305
-63.5887824583983
-66.1255941190581
-67.2796246974143
-68.1811704776338
-69.2234867944798
-68.7620946998242
-66.8233008865125
-64.5502087956498
-63.3829880119880
-63.4618748254275
-64.1128889695113
-64.5685941367043
-63.9921069405645
-63.9129429310180
-64.4464736401399
-63.4011885364310
-62.4706257440233
-61.4782451526870
-61.1533010167919
-61.3934027241474
-62.8091422484525
-63.6755099656340
-62.9016333040074
-62.1155455824559
-61.7994507183779
-61.6910094507187
-61.5811033699261
-61.3828707270631
-60.8444226532247
-60.5107047172838
-60.0501182306086
-59.8973711321276
-60.6885169874288
-62.6325291944830
-64.4048335796185
-65.0966644322391