-72.9560224092630
-72.3898645964990
-72.5085093448917
-71.0239804329129
-67.8808874940181
-65.9439461401353
-65.6456922736741
-66.2684469397691
-67.9506275947012
-69.1314358722105
-70.7860309403523
-66.9596282561805
-64.3369545191511
-62.3192716561974
-60.8197108013081
-59.4782495397860
-58.6256946675348
-58.2102578083404
-58.8901816540356
-60.3727503341498
-61.3864964370536
-62.7746313299463
-63.6622363579593
-63.0939588043666
-64.1824974793200
-64.5017827615797
-62.1389768731163
-60.2924617323723
-61.2168649310859
-62.2633393358733
-61.3650571520979
-60.5565313551135
-59.5963022217177
-59.0063295375950
-58.9701082305096
-59.7524831138226
-60.7256282947685
-61.9771625551973
-61.5538544590323
-61.5272533646882
-61.8322723800200
-62.8937531360824
-64.8409677452257
-64.3218475221971
-63.2519548948468
-63.9871567867828
-66.8941110277757
-70.1632499639751
-70.9282065957862
-71.4718871803809
-71.9656263149232
-71.6094091259626
-70.1922578105655
-67.3957977854967
-64.7954692808473
-64.0809003438755
-64.3548352280296
-64.2438781932260
-63.8602746490880
-62.2740339851219
-61.9765491540262
-64.1671109204025
-66.4085714422084
-66.3592463821410
-67.9554718019364
-73.3347885354710
-69.0754343234990
-66.3613004135968
-66.4937203715870
-67.1308195721705
-66.2521472107835
-67.6170963056870
-67.2729557683545
-63.8752464108539
-61.6169337325830
-60.6300846930564
-60.4720720154931
-60.8371713162126
-61.7220934586831
-62.5302009384668
-62.8814288383289
-63.7434002060199
-64.1920091010688
-62.7590623948366
-64.1955581390498
-63.6878937314672
-62.9542084201453
-61.9918219454039
-61.4110760937023
-61.6957840625531
-61.3932428534108
-61.2314111703973
-61.0177840509104
-61.7118399758410
-61.9677826802950
-60.8713200012744
-59.9551031875366
-59.1854972039054
-59.3179655526818
-59.1729878553962
-59.9850768914651
-59.3796887871208
-57.9889292998921
-57.4776017950448
-58.5001952507935
-60.0295394575850
-61.8360917470498
-62.2984789484041
-61.3203676980972
-61.1584961525796
-63.3653356626369
-67.0862761926901
-69.5407807138889
-73.8026155796414
-73.4998215996122
-67.6027191219254
-63.9347490479014
-63.0416912836843
-62.1984319516414
-62.9751301388608
-65.2884354956171
-70.4106994249921
-72.0021376743196
-70.4884294949503
-72.1664113309757
-75.8355909012019
-73.1905470578397
-72.3382937162585
-71.7250861653245
-69.2571153044959
-71.8645694266355
-73.0713476554226
-71.7246238235836
-70.1933705093512
-70.3042552012880
-73.0035405331420
-73.2109243079793
-66.1704607168653
-63.1446501528084
-62.7456842204676
-62.0063980051977
-60.1393935527181
-58.8521176955374
-58.1319926192394
-57.1007465427077
-56.1062771535789
-56.0709194897765
-56.2339508170405
-56.9814412290196
-58.1475355889122
-59.8933431933392
-62.3123415301400
-65.1617533570613
-64.3697843620015
-61.7176203945752
-60.1905294821723
-58.6892633690612
-57.1024190008085
-57.1928705443978
-57.7093481309517
-56.5448929571071
-56.6185673576101
-57.6922068223198
-58.6323012156350
-58.3873166211280
-57.6697961735090
-56.9281617010823
-57.8143439751646
-58.8356716046755
-59.5498245660224
-60.1527010887778
-61.6444171726890
-64.0308280801288
-63.3875157007197
-63.3274595881317
-63.3893971518142
-62.7807107652691
-63.0948607441411
-62.7990635295971
-61.7731507299693
-60.3448322840022
-59.9321793425834
-59.5474812374454
-59.7461763764253
-60.6416914223722
-61.4065003007887
-60.3542589785420
-59.1624737267106
-60.2290542417165
-63.3036820138858
-62.9312203034607
-61.7882723922801
-61.0143889289550
-60.3565480203570
-60.6779186992741
-61.1547495786279
-61.4418641721140
-62.5718709500539
-62.3930781692222
-61.2594332188517
-61.1068379463911
-61.3296278339121
-62.2206406094195
-63.3239772497260
-63.8503412572729
-63.8617532519477
-63.3253476255522
-61.9306392130101
-62.3801295343194
-62.7476689602003
-62.8147353000790
-62.0040716197986
-61.1601021893337
-60.7539860860906
-60.5399624931052
-60.9960146045114
-61.2777046738447
-61.0515054825817
-60.0683127355632
-59.7443665962122
-58.6150690071325
-57.9214860732615
-58.3204553907988
-58.3267481618140
-58.4660036150849
-58.8050180428010
-59.2651477517792
-60.2563673629717
-61.6058225591540
-61.6781989529541
-62.5437481059071
-64.4376277675803
-62.1640227791487
-59.6683872468096
-59.3375895907768
-59.3801868666986
-59.1506628661426
-59.5313630248839
-60.4659139706800
-60.5339423411029
-59.3335276744169
-59.2719313814396
-60.3167810035405
-60.2302574884343
-59.6396812378015
-59.1733907383350
-59.3639507255266
-59.0960147447095
-58.8869420555355
-59.7832884426417
-60.8036245976567
-61.3888526047942
-60.9322447304315
-61.3519612934824
-62.7764406997054
-65.6252884877284
-64.7639991070405
-63.5289652320816
-61.9826592329447
-62.1329224759042
-63.0417465191297
-61.5265894605124
-61.0610875808412
-60.3232622622015
-60.2051086942835
-59.8866791211298
-59.5277894044105
-58.8141629739178
-59.0675006221169
-61.6410795169230
-63.8263700216116
-61.8614728466383
-60.2258805883966
-60.2248415717653
-60.3086585205273
-57.9806587927616
-55.7652815956025
-55.2117446580895
-55.5615883495019
-55.7690360036835
-56.3525938785814
-57.7676304575523
-58.1665768236338
-58.6934817607994
-59.2516728093466
-60.3651578207941
-62.4480052420783
-63.5541366955827
-64.4518569344338
-64.9212558169219
-65.3297180972135
-67.8484885185503
-68.6619811564980
-64.0352000904495
-60.7355155712379
-59.2653170625916
-57.7576027793385
-56.6566087339559
-55.8620897699595
-55.8770998689015
-56.2720549431000
-55.5685777707215
-54.9488715281554
-55.3111458780849
-55.8676189041878
-55.1369929570972
-55.1240574003086
-55.6797379773356
-55.3444997048468
-55.6094056407023
-55.9223519508031
-55.6438925755057
-55.4640044352563
-56.3032688092523
-57.2558960442467
-58.2362358997291
-58.7730008505114
-58.6461942802235
-58.2359700942030
-57.5665373520261
-56.0080110837274
-55.2855281354722
-55.2583961113467
-55.3299928165323
-55.3199760613424
-55.0078968424451
-54.3503004270943
-54.6432387651598
-54.7559038885213
-54.7246127727637
-54.8756105703993
-55.0248856433056
-55.4317119337384
-56.3208114370053
-57.9211844642480
-59.9636703096971
-60.0608879525414
-59.0338375104022
-58.4590297348295
-58.3664149809264
-58.6533174463592
-58.2897457415066
-57.4423271082966
-57.1475261422114
-58.4757005083124
-59.2849234865682
-58.4941011458745
-56.9642686515262
-55.8135810486104
-55.7616001079816
-56.0358886920786
-56.5950579266067
-56.6825802075405
-57.2551366351529
-59.4628561399035
-60.5628855228048
-61.1174635861234
-61.7322726772292
-63.4977993180112
-65.3139596523142
-66.3540541013360
-63.4894711124243
-61.0126940179352
-61.1713389345876
-60.6719097766232
-60.5023590463856
-59.8924899980897
-58.0050644061817
-57.0359577849856
-57.1484661212535
-58.0005609377450
-58.7091144680253
-59.7571856210873
-60.0340030574659
-58.7904317124251
-57.4375479790023
-56.8937242223081
-56.2780033911655
-56.0530150480633
-56.4799617488600
-56.7592645735702
-57.5060605834133
-59.2886243322956
-61.3588245714870
-61.7428837040242
-62.6228265996704
-62.5678254555175
-62.2237336683968
-63.0543814723890
-65.5142738681499
-66.8788683607202
-67.1702309901443
-64.3732512239556
-62.8405716663429
-61.6099962103294
-61.1102765991294
-60.6461247618432
-60.8457122741428
-62.4885183546835
-63.4129214975035
-63.6570797108408
-63.5121201830922
-63.7982604359057
-63.8829946471053
-64.7820057569143
-64.6472592656889
-63.3300735086604
-63.4876777775314
-65.3978962153619
-66.1646228583229
-63.6988606861676
-61.5445436765015
-61.4633743155382
-62.6236421860140
-65.6153842221757
-69.9242808531021
-73.3488854069236
-68.8304295554075
-67.0459541017459
-65.7980916491090
-63.8790754229692
-64.3051036992586
-63.2863502191107
-63.9672230775193
-64.6901658126769
-64.6821991227991
-64.2963444928295
-63.6643057693875
-65.8541605080215
-69.0879135112489
-71.6222091970280
-71.0273501856312
-67.7599167987310
-65.9889456557383
-64.7116406241850
-64.6048248819367
-66.8404208319077
-69.0804229335618
-67.9978237058302
-69.3712848375971
-71.1992619004580
-71.4934326057220
-70.6654126253575
-69.8027884354588
-70.1755311577397
-69.8706684552651
-67.9156543176797
-68.1934437418420
-71.1162543400050
-71.5364250048739
-66.1281893581129
-62.8597980303354
-61.8388898443388
-61.1690899196707
-60.9706427779351
-60.7644330056376
-60.9341713573816
-60.0338984137947
-60.1471248907520
-59.0783091841617
-58.0549188872538
-57.3613980961747
-57.1553135665626
-56.9244721823804
-56.4287039737319
-55.8722608113586
-55.2375951967499
-55.8369943117802
-57.3713089708467
-59.5996769025465
-63.1939743434736
-68.4575135344570
-68.6756652960366
-68.2025791594891
-66.8536798776129
-64.8862139291606
-64.7196437110451
-65.3331228881495
-64.9100272686862
-63.2234478238185
-62.9393473861423
-66.3517647757124
-67.5737420257502
-66.2796239901151
-66.1186498049736
-70.1165908563072
-70.7261396856831
-68.4955257152304
-67.5766656172163
-66.5746149446613
-67.8910239872997
-71.1074187620208
-71.4189555809221
-70.0869975211583
-69.3590264930097
-71.6979557559704
-74.0434066173485
-73.2266222748990
-72.2009629389295
-69.6156202789959
-67.1831171239869
-65.8531915857167
-63.7164170613307
-61.7052777030125
-60.6198170555092
-60.1072646932037
-61.2791837304458
-62.7153906768288
-63.1645207229396
-62.4511290192119
-61.6060531612647
-61.5401611722054
-61.4760634974211
-61.4536554239334
-60.9365548023385
-59.6606653992170
-58.6054739183043
-57.8510017506447
-58.0297602792758
-57.6873221246702
-57.2497522172865
-56.8312595231698
-56.4170790937731
-56.0536518824791
-56.6240291112503
-57.5522778686332
-57.9045219675964
-58.5373351125045
-59.1241368186547
-59.7404038555219
-61.2039583330536
-63.3886134607058
-62.4018279498824
-60.9958345220989
-60.7880281052747
-61.4844968489436
-62.9910035692151
-63.4636639463227
-65.8780951986845
-69.6990661785996
-66.7346101213025
-62.0660826946230
-61.6894167571848
-63.6935820980628
-65.0341241893686
-64.4663166776656
-62.8944157215526
-60.7966036732315
-60.0562106757718
-60.3284450882151
-62.3506562760336
-64.4230879028239
-66.5458206689671
-64.6528651201388
-63.9247118462049
-64.0106625625873
-64.6445087935795
-65.5749966379628
-68.0507107989108
-72.1675438913962
-72.7529404959442
-70.6731967896522
-71.5900091751766
-68.1397177803047
-64.6062534570326
-62.9813210592353
-63.4593975586274
-65.1653739437101
-66.0254297229907
-68.5687465883727
-66.8352087316422
-62.4143980721995
-60.5299981473313
-59.4312413219610
-58.5572052686739
-57.1428423312179
-56.0770715050480
-56.5066100440072
-57.1466327983986
-56.4152786890769
-56.3141840134945
-57.0366811366872
-57.5440082029918
-57.0459434874010
-57.0977328602795
-57.8198603793549
-57.7252660378040
-57.8464205241892
-58.6732220890313
-60.7755042106600
-62.0091802226877
-60.4264513693619
-59.4961890125245
-58.7619851395804
-58.8214795813474
-59.7486928770199
-60.4547713066375
-60.6922249916094
-64.1699995882438
-65.7214506175001
-62.6687050843341
-61.7871654269500
-61.8353042094354
-62.0458166311317
-60.9824428306998
-60.9800159329093
-60.0070054062533
-59.2683167080280
-58.4558481203579
-58.0574245993474
-56.7025901808160
-56.7274106131585
-57.3714639911182
-56.9577710210607
-56.2976929764045
-57.3750789892691
-57.9960691650448
-58.0730236046937
-58.9403996872596
-59.1301040614665
-58.8039329540464
-59.2318308467340
-60.8974828773105
-64.6895527052844
-70.3030421798641
-72.5377769306987
-70.8749066148697
-68.0854805275237
-66.6727557111057
-69.0497878732420
-72.6688804771061
-72.7538765552737
-72.3289628276701
-72.7643816398805
-67.1116984944769
-64.4551907784958
-64.9123715369727
-65.9321678121420
-64.4965985182166
-62.7485207642428
-61.6512963616285
-61.2545211071647
-60.8276911754292
-62.7499869546417
-67.3213099230853
-74.9230114097433
-70.1681794856697
-69.5652204916547
-67.7748827183383
-65.8856961437259
-65.4211174712457
-64.2061707482971
-62.6251610161942
-61.6706762110649
-62.1812122774246
-64.8940321708255
-67.8345351646941
-68.4807342338256
-69.4808885870408
-67.7394223901561
-65.3172294934340
-63.5750739512438
-62.1845466264604
-62.3387517005327
-62.6989094108667
-60.9251436264830
-59.3317919300858
-58.7126283425830
-58.9169192671749
-58.8896649815000
-59.1608453135874
-59.4567162640950
-60.2212946702165
-59.2600112365080
-59.9107048672373
-61.5187532418615
-63.7402844060794
-65.6473637121224
-64.4531417693309
-63.4691165098343
-62.6026722706675
-63.1471307215833
-64.2362857798954
-66.1053295672349
-67.1444633834620
-65.3809723990959
-64.8817881658565
-66.3792359234124
-66.8044272206063
-63.7568272254753
-61.1896745686238
-59.9812800688617
-60.1770275039091
-60.3494244699008
-59.9412495591077
-59.5438444987162
-60.7586776283033
-62.5966970125742
-65.6972162845539
-68.3053810458346
-67.1336490171294
-65.0638097355345
-64.2158390591079
-62.5661409199482
-61.5872028140004
-60.4227210438701
-60.6332144894312
-62.0862283433383
-62.8015884075367
-62.9804587663677
-61.3269868607762
-58.2541798475250
-57.5236685016663
-57.8954841800034
-57.9988471485855
-58.2656750195651
-59.5964396452813
-60.0826146655504
-58.7557670663967
-57.4065729672902
-56.6289551163311
-56.3867834258724
-56.6182139936980
-56.5865581762729
-56.6119849859222
-55.9108368804137
-55.5035548207961
-55.6185936098022
-57.0660139214407
-60.0130128876586
-62.9741471686410
-61.7758585037136
-60.9130858478461
-59.5385334251901
-57.6622634088253
-56.0068750359406
-55.0095263049931
-54.4973687398712
-54.0405276815548
-53.8066545366736
-54.1570794188512
-54.3162302554796
-55.2124652677864
-56.9511675308798
-57.8947437958197
-57.7407082046120
-56.4123093032566
-56.0808484780480
-56.5196388983505
-56.8979488980250
-57.3405273615562
-57.9681987008126
-58.8691751015092
-59.7641646820066
-58.5751882862251
-57.9841501397173
-58.8592160791683
-59.4465730789925
-61.0232864074104
-60.8061313718922
-58.2616358087374
-56.8835575677448
-55.8580615591767
-55.5661904392857
-55.7470685075561
-55.7329453905347
-55.0520432834595
-55.2432296713147
-56.4145825456104
-56.8747213758370
-57.2986182245031
-58.2527929930408
-60.7132883768542
-61.9263341699964
-61.5953829538262
-60.7978781937670
-61.1864081931502
-60.7136578844586
-59.4528924906160
-57.9573564989626
-57.0385977205373
-57.2774857754746
-57.4219221907672
-56.2023300580265
-56.6897048366673
-58.1357967797300
-60.6029042848582
-63.4703991901645
-63.3703677137870
-62.1865434759970
-62.6429768783951
-62.2592464781564
-60.5914516563259
-59.2959374749719
-58.0764553922421
-57.2997854059457
-57.7369848919012
-58.4576750590443
-57.7278503486336
-56.3755160364259
-55.7903338260588
-56.5542425259780
-58.4547688415452
-60.0997653852527
-59.9943384634918
-58.3224323816190
-58.0154678151941
-59.0405662390076
-58.9070733562241
-58.5561874008750
-57.2392899956955
-55.9785163266058
-55.1985691918653
-55.3481923155732
-55.7509212969059
-56.1679111476196
-55.0125175127632
-55.1515787867731
-56.8460434141076
-58.0801440693425
-58.1815936301068
-58.4323519756062
-58.1706467403988
-57.7305449575785
-58.6546295212144
-60.9798635729438
-61.7035008481859
-62.0073843246495
-63.1386511146830
-62.6241828081967
-61.8086691766320
-62.0002198473882
-61.5650706109476
-60.7889532783009
-60.0416023466710
-59.7671603013016
-59.8097305098352
-60.7368126115236
-62.4538294560753
-62.8922504686261
-61.3892381592264
-61.7519293038005
-62.5036493751857
-64.5423278726300
-67.5605126615266
-66.4399989474345
-64.6936671765069
-64.5021066398994
-65.2437981403015
-65.6923862354124
-66.8326860904920
-66.8472051891914
-64.9395443593445
-62.7216341227691
-61.0122106298599
-60.2276874279664
-60.3058574496934
-60.2797729299262
-59.1477458559468
-58.0907688881640
-57.8881320129115
-58.2670352769497
-59.4232495199989
-60.0046786118135
-59.7425195667285
-61.1218114779659
-62.7580723223539
-63.3417762332897
-61.5840992976260
-60.1843230860425
-59.2529504717774
-59.6096744238422
-61.1451105963731
-62.7106817072184
-64.9576477407476
-66.6989065288520
-68.3442634011236
-65.4970884560110
-63.5551140918248
-62.8140556238042
-63.9098776373550
-63.6871767960584
-63.4675574213676
-63.4573945584507
-63.2819001428008
-63.6058527534239
-62.6511933270576
-61.0546829477431
-61.0445250087945
-60.1971213065847
-60.1541083415133
-61.6601378319498
-62.0842984442045
-62.2643574326889
-63.2685275305615
-64.8153714471599
-65.2595878210562
-64.8576170759044
-63.8560737076842
-63.8854072612321
-65.0558820181254
-64.5895634190822
-63.2077493910053
-60.7131776254374
-58.8865286080762
-57.9267196132795
-57.7670722330467
-57.2545808622580
-56.6301480244344
-56.1185297360942
-56.6709542526522
-57.4438752977495
-58.0973924524344
-58.7298483880097
-59.2664702630422
-60.0287898202114
-62.0122299085932
-62.7648963406262
-62.1597419543641
-62.3974466852457
-62.6322662730721
-61.3568445393323
-59.9384268259480
-59.5418735765665
-59.7089024654835
-60.0804781103808
-60.1793754150845
-60.6890547449865
-60.9195283539213
-60.7551993394326
-61.0625907060764
-64.1970910137865
-67.1057193211825
-64.6001651584611
-62.4633997439872
-61.4021144553541
-61.1181742070644
-60.5688499708080
-60.9642232328754
-62.1813390555504
-63.9338509213370
-65.4418523451364
-65.2703671600831
-64.6573669786984
-64.0884632453980
-63.3787722144269
-63.1828297370778
-63.4479810760068
-62.7174593661150
-62.4148856706383
-62.6870308586301
-63.0435203799881
-63.2847918009115
-62.5442180596286
-60.8773178555864
-59.4999011363542
-59.4731718080418
-59.8936285415250
-59.7484928249584
-59.8734278197325
-60.1032787037787
-60.1194553055209
-60.9026513041654
-62.3312532685446
-64.7643932230830
-66.4518022801802
-69.1919095541398
-70.6433504840039
-68.2648715744747
-67.0415243986576
-66.1824197433000
-66.1021743756620
-67.4349692269374
-67.3495219716344
-65.8750920727852
-65.3603817148970
-65.5358158823464
-66.9178884182008
-65.9723692163874
-64.4059654901719
-63.4802966320657
-63.6543498852713
-64.5502871758266
-65.1045578080645
-65.5336388027633
-67.3506368213153
-69.8184227113437
-72.0827543221022
-74.6200605454788
-71.8732719953563
-70.4487141622884
-72.1248412905910
-72.3843538601859
-71.1696569578838
-69.1856249426814
-66.0986069633160
-64.9672903234162
-65.3700476310614
-66.7680319380141
-68.2952103267948
-67.9134982551826