-65.9222889801529
-65.7174739096996
-65.2958958455183
-64.6308253244592
-63.8082634314894
-63.6523685620348
-64.4641594773277
-64.8164601496076
-65.8093205865828
-65.5680930472034
-65.1958220251634
-64.8162835717285
-64.8267775450781
-66.8989814350653
-70.6974446210294
-69.2606419515079
-66.7113115184927
-67.1364399700453
-69.4455129587250
-72.8838361942340
-75.9725382663496
-74.6916061850038
-74.2576201879606
-73.6725797075053
-72.7830751736087
-71.9775490344185
-70.1870621583601
-69.0623542899168
-67.4599531530408
-65.7288150778606
-64.0817361099003
-63.9903136439607
-65.7201473658967
-66.7078983678334
-66.9392140744303
-67.7255312706746
-68.2977604695949
-66.4342007491214
-66.3181424941780
-66.9715418341209
-68.5428333597015
-70.3834780129302
-69.0549008222108
-67.7950233473513
-68.7749014188670
-70.4524445328647
-71.4292469742844
-68.5458913163685
-68.1871242529924
-71.5479708889717
-71.5420716799249
-70.6978694568474
-69.9504105861845
-69.5178117801102
-70.9851232895990
-68.4704265727043
-65.5780894691316
-64.9843220797402
-63.9972206824993
-64.2641328754145
-64.7573771601654
-64.8935145169278
-63.7968344605532
-64.1687485141406
-63.7781944566669
-61.7499730965523
-60.4489891851337
-59.9292099983239
-59.8848291306175
-60.5070363812133
-61.9297222595950
-62.7594943295126
-62.8443910656825
-62.9943310793413
-61.9186471961476
-60.5276831067827
-60.6154560250879
-60.3067880842259
-60.3483829022421
-60.4104757565770
-60.5399458507150
-61.5942015551260
-64.2254737226117
-69.2094714885884
-72.7029951050046
-68.7693457504764
-67.1685341256187
-66.7728125073739
-65.4857218247083
-65.9213878224257
-65.6488908147630
-65.1688285166176
-67.3251280902575
-71.2756312437233
-71.3041324145711
-69.9240360802437
-70.7511061183160
-71.5173874171649
-71.2907924831087
-69.6843697288734
-67.2387341131902
-65.6568656598251
-64.3561103924635
-64.7737647902042
-67.5243455596429
-65.7416204342016
-64.5202574766572
-62.4987910418408
-60.8693956017869
-60.0305586297479
-61.0742038803201
-61.2814363754590
-60.8092723241005
-60.1309016319389
-60.1923821619036
-60.1176355089703
-60.2750956324582
-60.7785621474453
-60.9987176502117
-61.6162011530944
-63.0072099755859
-64.7411963817933
-64.8356816644115
-66.7186650759693
-70.4568386761285
-73.4670897812825
-74.0465339786973
-74.9581695212120
-72.2304707421485
-73.4473839808955
-72.4411130212252
-71.8633474064336
-72.4240008778945
-70.3576823382303
-66.6431590948869
-65.8266230408529
-66.4634573980885
-66.3517210409150
-65.3270321717407
-66.1836326342953
-67.4254392202911
-65.8432524432710
-66.6095449106895
-67.8846181637406
-66.1868971130192
-64.3419680859339
-64.3386402518407
-63.5434577353041
-63.9603963617626
-64.4142433730843
-64.3198225195927
-64.8907463007897
-64.5538711151262
-65.5463720574808
-68.1934342052924
-68.5604839379199
-67.0724095882337
-67.5688253608326
-68.4779530614754
-68.5848782229099
-68.8329521731568
-70.7439857731094
-71.9107240227321
-74.5596684001046
-71.6997344649097
-68.2387449159942
-66.9292802919334
-66.1435746284096
-66.8678057522082
-68.1170068883617
-70.5388034547427
-70.5710622439246
-71.3505288180689
-69.4913738373757
-66.6341346522549
-66.8653524889607
-68.9510634661431
-71.2987563243869
-72.3442779710265
-69.2420485549292
-66.9826114369965
-66.5476436216144
-67.2013242887992
-69.9959376497832
-71.5459101922063
-74.3619521184074
-72.8222433930449
-72.0356972711952
-71.2855742126198
-70.2074446008909
-70.9784554157315
-72.0780581299936
-73.9518262841792
-72.0824538043817
-69.7313502906585
-68.6220014881977
-70.2875859916803
-66.3842292714284
-64.5501609908974
-64.8824770329998
-64.7547710206318
-63.6602355581732
-62.7729738768730
-63.2854527165460
-62.2306514811708
-60.4077757110944
-60.1776545275815
-60.8796994828568
-61.3395986809070
-60.7434734143328
-61.4650598349043
-62.4504199086994
-62.6531669979013
-62.5167333218065
-63.4823526481205
-65.0412231685325
-66.8212033783166
-66.8599318482367
-66.1319733049379
-68.0398927351372
-67.3096043064319
-65.1914854398678
-63.2539055983451
-62.6169823637717
-61.9639268443579
-61.3594746904407
-61.5651679359709
-62.3551087306361
-61.4298621684372
-61.0143717757291
-60.8968302056647
-61.1418796718401
-61.1773762885171
-61.7308090591827
-61.8424091187857
-61.4075897684388
-62.2995049087904
-62.8797578321861
-63.9751420882175
-65.7486239769740
-67.7383487991065
-67.9255321085678
-67.5613927489018
-65.8184555216758
-63.3176837128410
-62.8124898577018
-63.5232500554216
-66.1659457345305
-69.8266196188603
-69.5470622782238
-66.9228076489274
-65.7464903885736
-64.1607230350556
-63.8902382547645
-64.4593927948577
-66.2033664031677
-65.3621035798284
-64.8881204489303
-65.9623327984271
-67.9264511398552
-68.8740515285727
-67.2080461642108
-64.1758876791444
-62.4327865452629
-61.6079414588993
-61.2305137570637
-61.2048982254951
-62.7795116822043
-64.3015175176605
-64.4086296124219
-62.2795318749129
-61.9768721262103
-63.2733372154022
-64.9253363146629
-64.8825292641941
-63.3969207805162
-63.1604768980865
-63.8255047895986
-65.5669237637011
-67.7994864144933
-69.3945489126255
-69.3931782127577
-70.0730759378002
-71.1546812294887
-69.0970645118666
-67.6005955035925
-67.3903718727411
-67.5499669432515
-66.7044086902276
-68.7326026465122
-70.8226783452313
-70.1842596429386
-68.6062164349601
-67.4121163282563
-68.2323278126841
-70.4042957388201
-67.0923931784742
-63.2790327080792
-61.4339873293933
-60.5859065841027
-60.5004266059166
-60.1719919697946
-60.3479556194223
-60.5561144501555
-60.0392854016921
-59.8975168148781
-59.8420979880685
-59.5362094246973
-59.6966490726950
-60.5782139137722
-61.3857300329905
-61.4449650949816
-60.5641910348509
-60.7550040699382
-61.5328582982475
-62.7648077812217
-64.1950495710480
-66.1485765577387
-66.4503029781202
-65.8981211979269
-66.2723686207227
-66.9880383851913
-69.3242173507197
-67.2526478914072
-65.1132529192656
-63.1661942599061
-61.2690461444166
-59.6834469965571
-59.7674899155742
-60.1938936208540
-60.7852774409866
-61.4317841793467
-62.2509268207491
-64.3254411245336
-63.2723717219807
-62.2757374399579
-62.8103277617582
-63.3432767984838
-64.1475430682892
-65.9035874541840
-68.2083151106869
-67.6515685340049
-66.6192672490784
-65.5920598652817
-65.9237452132579
-67.1873320232134
-68.3324501752880
-68.0573699429363
-67.2237696750639
-66.5453573153141
-66.2518795645578
-66.4110375873211
-66.1727529639186
-65.5483727180785
-64.9541284789460
-64.7733228426826
-66.7974269960360
-70.1042671536009
-71.0225584695897
-69.2749723772479
-70.5679192155741
-69.5978542792797
-68.9053298660362
-68.1651509870280
-69.0730826536663
-71.2068829157184
-75.4341133951890
-73.3011985300904
-71.4374359912876
-70.9901561506389
-71.9088469939575
-72.9839859304360
-72.6435405600707
-68.6527157009508
-66.5314999180183
-66.3551913845126
-67.9608924830552
-67.2958627556282
-66.1554134908075
-65.4956633847934
-65.0221551737773
-65.7689142018916
-65.5110539251569
-65.8425853876316
-65.7555770124668
-65.5592037400406
-66.3045286185002
-67.8780839899344
-69.7033360614209
-72.2448817739369
-73.3784001702929
-74.4174340055687
-74.1960148789425
-72.9790080544949
-70.2680964817830
-68.5963059524294
-68.2816193570110
-68.1893564864389
-68.9464403180570
-71.5206934637551
-73.7904665639904
-72.6902462168849
-74.2123071556716
-74.1449142699613
-73.8117705723443
-74.3256342292962
-74.3907241713044
-72.5772517975483
-70.5925729030752
-70.6697405995766
-71.5573029518623
-72.3384691025530
-71.0098136654822
-71.5671342087032
-70.1452553103781
-67.1853178237544
-65.6029617650005
-64.9897798919795
-65.1497765943040
-64.9827157272380
-64.4661238366736
-64.3337017309275
-64.6488443691068
-64.8810812230202
-67.0920021670490
-72.1328959401327
-67.8955934882839
-65.3852989047578
-64.4172380805775
-62.9376153779615
-61.0331960912551
-60.1058733227902
-60.7461235530091
-61.4624072892752
-61.2265780010312
-61.7367207295972
-63.1239693000831
-64.9019225516184
-66.4438558428228
-66.7630885466119
-66.4884304206102
-69.0916640552973
-67.7378125054805
-65.7659242406524
-65.5924746348702
-64.7948909609122
-64.5379276159583
-66.0851571735879
-69.3006696345243
-67.5446145993187
-66.2024260528894
-64.6428775603122
-65.0788057452528
-64.2323143477706
-63.7547006444438
-62.9456816440569
-61.5327517881979
-61.5071153532867
-61.6208872869530
-60.8822434221044
-60.3317180533066
-60.2801652868952
-60.3960686310566
-60.8389843647880
-61.2204579714915
-63.2564789233777
-65.5845528287221
-65.4991854854053
-64.8559359614592
-65.4431382741981
-65.5856050963294
-67.3077250208744
-69.2291688356605
-70.5589325887332
-69.1819365136728
-69.9608631326317
-70.5490304348679
-69.0539146643582
-68.9960790661464
-68.1252656609285
-68.4355012222704
-68.3269759473497
-69.3836931010249
-71.4627134120138
-72.0200567566161
-71.3323527061568
-71.4252859164959
-72.1116436197420
-73.6775624228393
-72.5576224114838
-69.7589022681696
-69.4807994782088
-67.8734670542719
-66.9021624169530
-65.4630837242275
-65.9974544198428
-67.0775720446781
-65.0337043873923
-64.4385360450935
-66.4568495520871
-68.3535157531376
-69.8095121825032
-69.0577498552727
-68.6696621047237
-70.5877351762909
-69.7655514725966
-69.4821584272919
-71.3510959957070
-72.0665446064598
-73.0669458211374
-73.0796952807820
-71.7092728642838
-71.1059231205011
-69.1532660808818
-67.4506904863625
-66.6839241619318
-67.1672224638449
-68.1372733939319
-66.6098981519338
-64.4586357357664
-64.0594222919528
-63.9688455607346
-63.4937105366241
-62.6864339356451
-61.0953195826795
-61.3110938465722
-62.5395186251714
-65.1525423809416
-68.5965441751617
-65.6755968639812
-63.9470515734672
-61.9403277766136
-61.4526654344812
-62.3406595709860
-62.8300959645207
-63.0759567145569
-63.0850625212024
-62.8907165201135
-63.2001752933679
-63.3034650810218
-63.0050517185864
-63.6339832178577
-64.5191633979755
-63.8407642755555
-64.3828111799951
-65.7762085053337
-68.1354872678930
-70.1138733835015
-72.2489639717985
-72.1839680350025
-70.7638859733428
-70.4224665286477
-71.2155808214268
-71.7444968811457
-70.7485722453790
-71.4959697061638
-70.1625469708684
-69.3544178631877
-70.0916552624580
-70.2881545955896
-70.4341927732789
-69.4863729781927
-68.8711018261770
-67.9978277967053
-67.5926789437014
-67.1579349999265
-67.1655869084837
-67.5340498417846
-66.9366597475075
-67.4605110815504
-69.2100461414982
-71.8873035133859
-72.1307474091862
-72.4207676813861
-72.7439283215782
-73.4080879588673
-72.3281846128727
-73.2198181598668
-71.8769547748286
-69.1897777891640
-68.3034796585934
-68.8471663452988
-69.0457775052394
-68.8679888658306
-68.6422469730807
-68.9201175243073
-72.3615215837053
-72.5577317871423
-69.7246200336495
-70.0947434260966
-70.7153228784937
-70.0755207522118
-69.4916353484746
-68.7294334745406
-68.5332442181455
-70.2073010417269
-69.5060653759443
-69.1726591182491
-68.3579823261617
-67.3710029065480
-65.7934471977953
-65.8244751813386
-66.3295225939512
-66.5843821051124
-66.4581258635214
-66.9689388685869
-67.5371328786932
-67.8001516537307
-67.9603299741267
-68.0913529893534
-66.1362804779971
-64.8756516079331
-63.9231106688479
-63.2869432780443
-64.5271006186603
-64.5320499926933
-64.6426635209185
-65.2764640662736
-64.4633717730733
-63.1747947031357
-62.9551041493437
-62.1937321259386
-61.6808619319757
-60.7624973751155
-61.1740290548097
-62.4908337521071
-62.5560530197675
-61.8729847619553
-61.7580264491567
-61.4933955901056
-62.5364223588552
-63.5306198485181
-64.1082337233332
-64.0287994387188
-65.0769088201127
-66.6315772612335
-68.1822593203719
-65.8244610714646
-64.1817470448909
-63.5547089504507
-64.6720198004970
-67.2320785990029
-70.3535399916794
-72.1406665957744
-72.0308853061897
-72.2072836674818
-71.4068468530508
-70.0782320422597
-70.0025386995297
-68.3196689615859
-67.8793366519429
-68.9488564242786
-67.4796467815149
-66.0411683035399
-65.3565152757054
-65.2559035648001
-65.5333078892722
-68.0708402443476
-68.9900027052553
-68.9941695315758
-70.5796235930499
-71.7107843324131
-72.4198147123640
-73.3216756242994
-73.2055045215621
-72.4738314778857
-71.4188341111724
-69.3252650949263
-67.3303382935006
-66.4412113049771
-67.1640927282078
-69.7949110150850
-72.6198087373639
-72.9844966099550
-72.3401377940338
-70.0482743488160
-68.8435379350278
-67.4976241900319
-67.5876850616483
-66.8876017804504
-68.3417460110832
-68.7465546362867
-69.8747607589801
-70.4224041437979
-70.9975358572808
-70.3231229853830
-70.4704384805355
-71.9241363480739
-71.7618067536178
-70.2132161139527
-70.0500134756486
-68.9179690442902
-68.2450797005361
-67.9142210045341
-66.8287012202415
-64.8961887526120
-65.4462045820933
-65.5279622484359
-64.3591527734728
-63.6794477495301
-62.8041053359271
-64.2391115513163
-66.2312309181100
-68.2618771461839
-66.9074070368832
-66.4943407310172
-67.1394204055391
-67.4390264370075
-66.8960747278757
-66.7770094020318
-69.1839350206165
-71.1540077374981
-71.8026075079919
-70.0832791637137
-68.6063841313848
-68.8049043253042
-70.0186851781960
-71.9704451104925
-71.8666052200597
-69.1611974148011
-65.1988446530945
-63.8452462986002
-63.9759687939204
-65.1007295482824
-66.2841912638105
-68.0815981730837
-68.3087002525561
-66.4645934748936
-64.8865866802298
-64.4387042420793
-64.5195033758378
-65.0914749630589
-68.5430299978219
-70.7433733801909
-67.6100774348277
-67.1458103190567
-67.4088278537677
-69.4097959828912
-70.9550891254137
-70.6323187852307
-71.2608814085379
-70.4746155587095
-70.3029335945767
-70.3908018775776
-73.2150535192975
-73.5284856596797
-72.4960149265075
-70.4313567883514
-69.9090162273773
-68.9377942953405
-70.3280783848074
-72.4936725368230
-69.8711698272097
-67.8973495706650
-65.8497774104583
-63.4024113622761
-64.2306914671372
-65.3680082956877
-67.8465481099429
-67.1359612718675
-66.2321647026449
-66.1267263306452
-65.0573752051971
-65.5062136189868
-66.1770383318599
-67.1055882358160
-69.1095138933276
-70.1642170048847
-71.7947412936345
-72.8778738368738
-72.3666173615967
-70.8645719250483
-70.6821707614657
-69.1103895494430
-66.9101526891534
-66.3229027386283
-65.0201054041315
-66.0234549654635
-67.6785409995421
-67.4185381467783
-65.0507122060316
-63.1105101181569
-63.1631235706701
-63.7020440608589
-65.4187602681223
-68.2782274014988
-69.1710924818436
-68.9277625625634
-67.2850427233960
-66.2971707571485
-66.1436028449844
-65.7294045630259
-66.6165319348289
-67.8874627785957
-67.3194941329087
-66.5737233770608
-65.3382492390084
-66.1581158227805
-66.8902242370654
-68.5512809920369
-70.8952159987132
-72.5155053193768
-71.8319052905604
-71.2311655610940
-69.4958732688331
-66.7068220644159
-65.7961449681386
-66.9566967929407
-68.8717886527525
-70.0516127580320
-69.0635174463332
-67.5745121579113
-66.8167645439744
-66.7883648766658
-66.5825989577396
-65.0760502291684
-65.0224739650723
-65.1119204145567
-65.4121652019997
-67.1200905785453
-68.0386298455006
-67.4809878431724
-65.4235600235080
-64.7133534411216
-63.6161069683347
-63.3282114611386
-64.3475474835834
-66.6403896269062
-68.1844330842941
-70.2608399167546
-71.6548199295203
-71.7478372166871
-69.8846409830192
-70.2345163683610
-70.4557297894706
-71.1231808151597
-70.7999306179207
-70.1646885460852
-71.9658318961598
-73.0900080811767
-73.0287272393296
-72.9487498035354
-73.7554600489205
-73.3841671820723
-73.9837029559226
-73.5921261053726
-72.0253538044040
-73.4202677351636
-74.0677986504686
-73.1811205286198
-71.8172086031872
-69.9942671629594
-68.0641871742091
-68.6619607868992
-69.1589054302111
-70.3632153319256
-70.5759487060312
-71.1324387690254
-71.0387772810528
-72.2950675791209
-72.1484872129192
-72.2584119525845
-72.5235015860855
-73.3168119656511
-71.8824829118600
-72.2250161739228
-72.4256527038127
-70.2157267193612
-69.8476369744421
-68.1509743658248
-66.9000495963569
-65.7298224230618
-64.8603639535736
-64.4077869808848
-64.1959050205161
-64.2272319044568
-64.6419437925793
-64.9715008921608
-65.8406281997525
-65.3252614815567
-65.3306771485347
-67.5482749396169
-68.8717515773156
-68.7596981636582
-67.9520078580828
-66.4368108836833
-66.4401405764221
-67.8719129434279
-69.8460101969544
-69.7282256317519
-69.8198634511188
-69.1933370333532
-68.6442958560193
-68.8532342424393
-70.9472765741557
-70.9611323620149
-71.4079404440058
-70.3986118821343
-68.4665920756793
-67.5536776196112
-66.8728977576633
-66.3051984510374
-66.4681037775732
-67.8728815106460
-69.8769491389359
-70.5899052656496
-70.4383242401935
-67.7442354915123
-66.3785175286251
-64.8581547869013
-63.9755586010107
-62.6920438699489
-62.7770102802296
-63.5032923566850
-63.9365884910749
-65.1129056844914
-67.3969893655353
-67.4165177039265
-64.6835470063098
-62.8017765619028
-62.5677403071969
-63.4761277563807
-64.0482735950189
-65.5696034516070
-66.8948246984208
-67.0640111181210
-67.0213775313013
-65.6016277455815
-65.8078745451012
-67.4167228291735
-70.8886816915896
-73.1287930982641
-72.7372984246190
-72.5248530745746
-71.9516584946426
-74.1447774047447
-73.7710849512981
-72.9832342655473
-72.0637072882245
-70.8889908619211
-70.9894643384495
-70.1764781068436
-70.7821910485218
-70.8879990889209
-69.5671602802950
-68.3785476433800
-68.2433883413591
-68.7877522628679
-68.2593498307059
-67.8818238066968
-68.4845683421396
-69.0111563543173
-68.8309813383844
-67.9455427241666
-68.3162313133772
-70.0909707383341
-71.3225244952133
-72.1453998173232
-73.6358440475196
-73.5100688829408
-72.7377636895775
-71.5367531576177
-71.7296147260351
-74.1202478082071
-73.5537719221007
-74.2633354017238
-74.4432955112413
-75.1859948340745
-75.4286529964673
-74.1988964388815
-75.0918049839185
-74.1188630015408
-72.1579911437430
-69.9729194569892
-69.3269369891776
-68.8954297378152
-68.3854873665248
-69.4598862499221
-69.3254478815085
-69.5164623592286
-69.5593149209187
-70.0944014336304
-70.0933412717264
-69.3102845559480
-68.3167909850511
-68.2645810101118
-69.9605835601712
-69.6955403366694
-69.8568967547313
-70.3977351215095
-70.6187091377738
-72.3752914065859
-72.5011576084503
-72.8745812563532
-75.1990509069776
-74.0127965271599
-72.4161743437553
-71.3432264807008
-71.5177617273360
-72.6610406695256
-72.6163125882056