-77.00000000
-77.00000000
-77.00000000
-77.00000000
-77.00000000
-77.00000000
-77.00000000
-76.92000000
-76.00000000
-76.00000000
-75.61904762
-75.00000000
-75.30000000
-75.32692308
-75.21568627
-75.82352941
-74.86407767
-74.00000000
-74.00000000
-74.00000000
-74.16504854
-74.14705882
-73.00000000
-73.00000000
-73.20588235
-72.21782178
-72.00000000
-71.95918367
-71.00000000
-71.00000000
-71.00000000
-71.00000000
-71.00000000
-71.00000000
-71.00000000
-71.12000000
-71.07843137
-70.13725490
-70.62244898
-71.00000000
-71.00000000
-71.91176471
-72.00000000
-72.00000000
-72.55445545
-73.00000000
-73.42156863
-73.20388350
-73.00000000
-73.95098039
-74.00000000
-74.25925926
-75.00000000
-76.12389381
-76.70000000
-76.00000000
-76.00000000
-76.79381443
-77.84313725
-77.71153846
-78.00000000
-78.00000000
-78.00000000
-78.32673267
-79.52000000
-80.87500000
-81.20588235
-81.20754717
-81.93814433
-82.00000000
-82.00000000
-81.59574468
-81.00000000
-80.39000000
-79.87500000
-79.36190476
-78.42307692
-78.00000000
-78.00000000
-77.32673267
-76.58252427
-77.00000000
-76.04000000
-76.00000000
-76.00000000
-76.00000000
-76.55339806
-77.00000000
-77.00000000
-73.85148515
-78.60784314
-79.00000000
-79.00000000
-79.00000000
-77.64000000
-78.00000000
-78.00000000
-78.00000000
-79.26666667
-80.00000000
-79.50757576
-78.00000000
-78.00000000
-79.04761905
-80.00000000
-80.00000000
-80.00000000
-80.00000000
-80.00000000
-82.05737705
-76.60563380
-68.43636364
-69.90625000
-69.27350427
-67.78504673
-67.00000000
-67.00000000
-66.06796117
-66.00000000
-65.57692308
-64.60576923
-63.24528302
-62.70873786
-61.77064220
-61.57692308
-61.00000000
-61.00000000
-61.73394495
-63.00000000
-63.77358491
-65.96116505
-67.21153846
-68.46226415
-69.62616822
-70.94117647
-72.85576923
-74.00000000
-74.65420561
-75.21153846
-75.40000000
-75.04761905
-75.72222222
-76.22857143
-77.00000000
-78.31683168
-79.00000000
-79.00000000
-79.00000000
-72.51546392
-66.81196581
-64.71774194
-67.36885246
-70.82812500
-73.54285714
-76.59259259
-79.68269231
-81.00000000
-80.37962963
-80.00000000
-80.00000000
-80.05405405
-81.00000000
-81.78947368
-82.00000000
-82.00000000
-79.69230769
-79.00000000
-78.31067961
-78.00000000
-78.00000000
-77.87155963
-77.00000000
-76.34579439
-76.00000000
-76.00000000
-76.00000000
-76.04716981
-77.00952381
-78.00000000
-78.00000000
-78.00000000
-78.00000000
-78.00000000
-78.00000000
-77.25233645
-77.00000000
-76.75961538
-76.00000000
-76.00000000
-76.00000000
-75.93577982
-75.00000000
-75.19090909
-76.00000000
-76.94444444
-77.96261682
-79.43689320
-80.00000000
-79.03960396
-78.28828829
-76.64423077
-74.60000000
-74.00000000
-74.00000000
-74.29245283
-75.00000000
-74.60360360
-74.00000000
-73.06315789
-73.00000000
-73.00000000
-72.20000000
-71.03738318
-70.48214286
-69.79047619
-70.43396226
-72.36111111
-73.74528302
-74.70270270
-74.53773585
-73.00000000
-72.41904762
-72.00000000
-70.83018868
-70.00000000
-69.20000000
-68.02803738
-68.49074074
-69.87155963
-71.62857143
-73.35514019
-75.27619048
-76.55045872
-78.62886598
-79.00000000
-79.00000000
-79.00000000
-64.08256881
-69.12962963
-67.24561404
-73.91262136
-79.64772727
-80.00000000
-80.00000000
-60.59259259
-58.39090909
-57.15740741
-56.71698113
-56.00000000
-55.56637168
-54.61904762
-53.23809524
-53.00000000
-52.56730769
-53.43119266
-55.34862385
-58.29357798
-60.00000000
-61.04854369
-62.00000000
-62.00000000
-62.33644860
-63.08333333
-65.31818182
-67.20952381
-68.35714286
-70.01923077
-71.67889908
-72.18947368
-65.27586207
-68.88073394
-72.51428571
-73.59259259
-75.46226415
-76.42307692
-77.58823529
-78.00000000
-78.77450980
-80.00000000
-80.00000000
-80.00000000
-72.23008850
-74.74358974
-78.36800000
-79.00000000
-79.00000000
-56.30864198
-55.01769912
-53.39393939
-51.92045455
-49.87951807
-47.75581395
-47.00000000
-47.00000000
-47.00000000
-48.10101010
-49.98095238
-53.58407080
-56.23148148
-57.74257426
-59.00000000
-60.18348624
-61.67961165
-63.00000000
-64.10576923
-65.64485981
-67.04807692
-68.01904762
-69.59223301
-69.78301887
-69.57692308
-70.27619048
-71.00000000
-71.18269231
-72.33980583
-73.70297030
-68.55405405
-62.76699029
-66.25714286
-67.00000000
-67.43396226
-68.41509434
-69.15384615
-70.54807692
-71.97087379
-72.59803922
-73.17757009
-74.00000000
-74.83495146
-76.00000000
-77.05825243
-79.16190476
-80.96039604
-81.75000000
-82.00000000
-71.35652174
-67.50485437
-69.95726496
-71.44036697
-72.61320755
-74.50000000
-76.50476190
-77.97169811
-79.61855670
-80.56000000
-81.00000000
-81.00000000
-75.00869565
-72.00000000
-71.28813559
-72.88549618
-75.93700787
-78.48421053
-79.00000000
-79.00000000
-67.69607843
-60.42727273
-61.00000000
-61.13445378
-62.00000000
-62.00000000
-63.43396226
-65.57142857
-67.40776699
-69.74528302
-71.68932039
-73.41121495
-74.78217822
-75.70476190
-76.00000000
-76.00000000
-76.00000000
-76.00000000
-76.00000000
-76.00000000
-76.00000000
-76.00000000
-75.68571429
-75.21698113
-75.00000000
-75.00000000
-75.00000000
-75.31067961
-76.00000000
-76.00000000
-76.00000000
-76.00000000
-75.91262136
-75.25471698
-76.00934579
-77.00000000
-77.85470085
-79.29032258
-80.00000000
-80.00000000
-68.40000000
-56.71590909
-52.95689655
-52.34883721
-52.00000000
-52.00000000
-52.00000000
-50.61682243
-48.38317757
-46.41284404
-44.71698113
-44.05769231
-45.44339623
-47.62857143
-50.67619048
-53.02884615
-55.61904762
-58.05607477
-59.38317757
-60.55555556
-61.71698113
-62.87850467
-63.42718447
-64.16363636
-65.00000000
-65.71962617
-66.65714286
-67.40196078
-68.00000000
-68.94000000
-69.46000000
-70.00000000
-70.60747664
-71.00000000
-71.80188679
-73.00000000
-73.82242991
-74.57142857
-75.21621622
-75.91525424
-76.86486486
-71.30337079
-47.59292035
-46.48214286
-50.23809524
-51.36893204
-52.11320755
-53.96116505
-55.63809524
-57.20000000
-58.90654206
-60.00000000
-61.13592233
-62.00000000
-62.56730769
-63.00000000
-63.68224299
-64.43396226
-65.40186916
-66.36111111
-67.00000000
-68.56435644
-70.25000000
-71.00000000
-71.76851852
-73.29000000
-75.00000000
-75.45192308
-76.00000000
-76.00000000
-76.00000000
-76.00000000
-76.00000000
-76.00000000
-76.00000000
-76.00000000
-76.00000000
-76.00000000
-76.00000000
-76.00000000
-76.00000000
-76.00000000
-76.00000000
-67.95000000
-65.16483516
-65.94949495
-65.79687500
-66.68269231
-67.52427184
-67.01941748
-66.57692308
-66.37500000
-66.67961165
-67.00000000
-66.59047619
-66.16666667
-66.86274510
-67.56730769
-69.00000000
-71.04854369
-73.07766990
-74.00000000
-74.31730769
-75.22115385
-75.00884956
-76.36666667
-77.55882353
-78.00000000
-78.00000000
-77.26612903
-76.00000000
-75.68269231
-75.73786408
-76.15238095
-75.82692308
-75.00000000
-75.00000000
-74.53773585
-73.24050633
-70.24299065
-72.63302752
-73.80000000
-75.10377358
-77.02912621
-78.45000000
-79.21739130
-80.00000000
-80.00000000
-80.00000000
-63.26956522
-60.19266055
-60.83809524
-62.00000000
-62.01923077
-63.61682243
-64.00000000
-64.30693069
-65.00000000
-65.62244898
-66.00000000
-66.00000000
-66.09090909
-67.00000000
-67.84259259
-68.00000000
-68.20560748
-68.00000000
-67.35576923
-67.38679245
-67.79816514
-68.28846154
-68.79807692
-69.00000000
-69.00000000
-69.00000000
-68.06796117
-68.00000000
-67.17272727
-67.00000000
-66.58407080
-67.00000000
-67.00000000
-67.00000000
-67.00000000
-67.51428571
-68.26851852
-69.21698113
-70.16513761
-71.12962963
-72.00000000
-72.67567568
-73.40186916
-74.93396226
-76.85046729
-78.46391753
-79.65957447
-80.00000000
-80.00000000
-62.85436893
-60.76699029
-62.83783784
-65.18269231
-66.86538462
-70.58653846
-73.24761905
-75.50000000
-76.70476190
-78.00000000
-78.00000000
-78.13084112
-79.00000000
-79.00000000
-79.00000000
-79.00000000
-73.33043478
-68.27777778
-67.74380165
-65.16346154
-66.40000000
-67.19811321
-66.71698113
-66.87619048
-66.80373832
-66.00000000
-66.52884615
-67.69230769
-68.44339623
-69.00000000
-69.00000000
-69.51886792
-69.74285714
-69.00000000
-69.00000000
-69.62037037
-69.43269231
-69.85294118
-70.59047619
-70.80582524
-71.72277228
-71.29411765
-71.74528302
-73.16216216
-69.19819820
-65.38679245
-65.05504587
-64.74285714
-62.42982456
-61.00000000
-62.51694915
-62.28318584
-62.49532710
-62.32407407
-61.40000000
-61.69444444
-61.24545455
-60.11504425
-57.56190476
-54.45535714
-55.00000000
-54.33653846
-52.33653846
-49.35294118
-47.16363636
-49.47115385
-51.52252252
-57.22935780
-66.66981132
-72.25000000
-75.89583333
-78.22916667
-79.00000000
-79.00000000
-67.15596330
-64.22123894
-65.24324324
-66.82857143
-66.61320755
-66.40566038
-65.09375000
-63.87272727
-62.36448598
-63.14953271
-64.65094340
-67.00000000
-68.85981308
-70.38461538
-72.87037037
-75.93269231
-78.48421053
-79.80459770
-80.00000000
-80.00000000
-65.20183486
-61.00000000
-58.68103448
-58.94308943
-61.12264151
-63.03773585
-65.33018868
-69.25471698
-71.68571429
-74.56310680
-76.80188679
-79.30303030
-80.00000000
-80.00000000
-80.00000000
-57.94339623
-51.05660377
-52.86111111
-52.85833333
-51.47619048
-50.30630631
-48.88679245
-47.18691589
-45.43809524
-43.93396226
-42.59090909
-43.22000000
-65.34567901
-71.27884615
-68.22549020
-68.39215686
-68.00000000
-67.29245283
-66.07207207
-64.59130435
-62.39047619
-60.72807018
-60.00000000
-59.16346154
-60.00000000
-60.58252427
-61.62037037
-63.73786408
-66.03883495
-67.37500000
-68.75238095
-69.00000000
-69.25490196
-70.00000000
-71.35514019
-73.38235294
-75.96261682
-78.36792453
-80.78571429
-81.00000000
-81.00000000
-73.82142857
-73.36893204
-73.94047619
-72.28571429
-72.00000000
-72.00000000
-71.52427184
-70.13461538
-66.80769231
-64.26470588
-64.31775701
-65.46000000
-65.79047619
-70.38888889
-76.53684211
-80.39583333
-82.35789474
-84.00000000
-84.00000000
-83.13600000
-73.48076923
-70.85436893
-69.91176471
-70.00000000
-70.00000000
-71.32380952
-72.30476190
-73.67961165
-74.64150943
-76.19607843
-78.69565217
-79.89583333
-80.04545455
-81.00000000
-82.00000000
-82.71428571
-83.00000000
-83.00000000
-83.00000000
-82.43478261
-82.00000000
-82.00000000
-81.34482759
-81.00000000
-81.14423077
-82.00000000
-81.79411765
-81.14285714
-81.00000000
-81.73148148
-81.30909091
-81.00000000
-81.00000000
-81.00000000
-81.00000000
-81.00000000
-81.41346154
-81.00000000
-80.87378641
-80.00000000
-80.00000000
-80.00000000
-80.59047619
-81.00000000
-81.00000000
-81.00000000
-81.00000000
-81.00000000
-81.52727273
-82.00000000
-82.20792079
-83.20000000
-84.00000000
-83.28712871
-83.06730769
-84.00000000
-84.00000000
-83.67961165
-83.62500000
-83.22857143
-84.00000000
-84.00000000
-83.27358491
-83.00000000
-83.00000000
-83.00000000
-83.00000000
-83.00000000
-83.47863248
-84.00000000
-84.00000000
-84.00000000
-84.00000000
-84.00000000
-84.00000000
-84.00000000
-84.00000000
-84.00000000
-84.00000000
-83.78260870
-83.01785714
-83.00000000
-83.00000000
-83.00000000
-83.00000000
-83.00000000
-83.29126214
-84.00000000
-65.12698413
-62.39252336
-62.33636364
-64.23364486
-65.95145631
-68.70754717
-71.99047619
-74.51948052
-74.51666667
-75.00000000
-75.00000000
-75.00000000
-75.75000000
-76.00000000
-76.86725664
-78.00000000
-78.00000000
-78.00000000
-78.00000000
-78.84615385
-79.39285714
-80.00000000
-80.00000000
-80.00000000
-80.00000000
-80.00000000
-80.00000000
-80.00000000
-80.00000000
-80.00000000
-80.00000000
-80.00000000
-80.00000000
-80.00000000
-80.00000000
-80.00000000
-80.00000000
-80.00000000
-80.00000000
-80.00000000
-80.00000000
-80.00000000
-80.00000000
-80.00000000
-80.00000000
-80.00000000
-80.00000000
-80.00000000
-76.43859649
-71.19230769
-70.66363636
-70.22115385
-70.00000000
-70.00000000
-69.60185185
-69.21782178
-67.81904762
-66.34653465
-65.39423077
-65.20183486
-65.82352941
-68.01923077
-70.00000000
-71.56190476
-74.11538462
-76.30693069
-78.00000000
-78.83505155
-79.58064516
-80.38888889
-81.00000000
-75.93220339
-69.62903226
-69.80991736
-69.65116279
-69.46280992
-70.00000000
-70.42592593
-71.78000000
-72.28947368
-73.50000000
-74.24528302
-75.63063063
-76.77358491
-78.24742268
-79.08791209
-80.00000000
-80.00000000
-80.00000000
-80.00000000
-80.00000000
-80.00000000
-80.00000000
-80.00000000
-80.00000000
-80.00000000
-80.00000000
-80.00000000
-80.00000000
-80.00000000
-66.52830189
-64.98750000
-62.31092437
-64.56302521
-65.31858407
-64.18260870
-65.29807692
-66.93000000
-66.96153846
-66.00000000
-65.78846154
-63.58653846
-61.17475728
-62.89523810
-66.32352941
-67.53271028
-66.91397849
-66.48543689
-67.93636364
-69.67669173
-73.99115044
-78.57657658
-81.46601942
-83.23913043
-84.45555556
-85.00000000
-82.95652174
-80.81443299
-81.49038462
-82.00000000
-82.00000000
-81.58598726
-74.04938272
-74.00000000
-73.60169492
-73.35643564
-73.42718447
-73.61904762
-73.00000000
-73.43809524
-73.78640777
-74.14563107
-75.32352941
-76.00000000
-76.00000000
-76.00000000
-76.00000000
-76.00000000
-76.00000000
-76.35593220
-81.84042553
-82.00000000
-82.00000000
-82.00000000
-82.00000000
-82.00000000
-82.15217391
-83.68686869
-83.00000000
-83.00000000
-83.00000000
-83.00000000
-83.00000000
-82.42142857
-70.70000000
-65.25862069
-60.48717949
-60.00000000
-60.00000000
-60.90825688
-61.50000000
-63.01818182
-64.16071429
-65.53271028
-66.00000000
-66.00000000
-66.00000000
-66.00000000
-65.57142857
-66.00000000
-66.00000000
-66.00000000
-66.08791209
-68.79000000
-69.81000000
-71.00000000
-72.08411215
-73.16666667
-73.80180180
-73.90566038
-73.88571429
-75.00000000
-75.00000000
-75.53846154
-76.76470588
-78.00000000
-77.18095238
-77.75675676
-77.47222222
-77.90566038
-77.57943925
-78.15686275
-79.00000000
-79.00000000
-79.00000000
-77.73239437
-59.77884615
-63.38554217
-70.56034483
-68.83823529
-68.95833333
-67.77981651
-67.00000000
-66.37142857
-65.41904762
-64.25233645
-63.30097087
-61.71028037
-59.96116505
-57.67289720
-57.00000000
-57.00000000
-57.88571429
-60.59615385
-61.94174757
-64.95412844
-67.13333333
-69.42056075
-70.99056604
-71.52777778
-72.07843137
-73.00000000
-73.00000000
-73.00000000
-73.29807692
-74.69724771
-75.00952381
-76.17307692
-77.00000000
-77.00000000
-77.00000000
-77.00000000
-77.00000000
-76.03738318
-72.95000000
-69.35922330
-69.62857143
-71.00000000
-70.19811321
-70.00000000
-70.00000000
-70.00000000
-64.61818182
-64.46601942
-66.73913043
-67.00000000
-67.00000000
-67.67741935
-67.38596491
-68.96551724
-68.80357143
-70.35526316
-71.00000000
-71.80357143
-72.96491228
-73.00000000
-73.00000000
-73.00000000
-74.15789474
-76.08474576
-77.32758621
-78.87037037
-79.86153846
-80.82608696
-81.00000000
-81.00000000
-81.00000000
-81.00000000
-81.00000000
-81.00000000
-81.00000000
-81.00000000
-81.87058824
-82.00000000
-82.00000000
-82.00000000
-82.40384615
-83.00000000
-83.00000000
-83.00000000
-83.00000000
-83.00000000
-83.00000000
-83.00000000
-83.00000000
-51.51546392
-51.72321429
-51.31578947
-52.19354839
-51.38888889
-49.05172414
-47.37931034
-45.85000000
-51.76562500
-59.42168675
-64.38596491
-67.42622951
-70.77173913
-74.52631579
-75.84745763
-77.68918919
-79.46153846
-81.42666667
-69.71111111
-64.64843750
-67.79279279
-67.09259259
-62.63636364
-63.00000000
-63.00000000
-63.00000000
-63.00000000
-63.00000000
-63.00000000
-63.00000000
-62.96428571
-63.00000000
-63.00000000
-63.00000000
-63.00000000
-63.00000000
-63.00000000
-63.50000000
-64.00000000
-64.00000000
-64.00000000
-64.00000000
-64.00000000
-64.00000000
-63.20689655
-63.18644068
-64.30357143
-65.00000000
-65.58620690
-66.51851852
-67.15517241
-68.00000000
-68.47058824
-69.00000000
-68.44444444
-68.00000000
-68.00000000
-68.00000000
-68.00000000
-68.00000000
-58.25000000
-61.26315789
-63.00000000
-62.78181818
-62.79245283
-63.00000000
-62.03508772
-62.00000000
-62.00000000
-62.00000000
-61.77586207
-61.00000000
-61.00000000
-61.00000000
-61.00000000
-61.81333333
-61.72222222
-61.37037037
-62.00000000
-62.00000000
-61.43396226
-61.54385965
-62.00000000
-62.00000000
-62.00000000
-62.00000000
-61.87500000
-61.00000000
-61.00000000
-61.00000000
-61.00000000
-61.00000000
-60.68000000
-60.00000000
-60.33962264
-61.00000000
-61.00000000
-61.00000000
-61.00000000
-61.00000000
-61.00000000
-61.00000000
-61.00000000
-61.00000000
-61.00000000
-61.00000000
-61.00000000
-61.00000000
-61.00000000
-61.00000000
-61.00000000
-61.85964912
-61.51515152
-60.73170732
-59.70909091
-59.00000000
-59.84210526
-60.54385965
-61.12727273
-62.00000000
-62.00000000
-61.61403509
-61.00000000
-60.59649123
-61.00000000
-61.00000000
-61.00000000
-61.00000000
-61.00000000
-60.10526316
-60.00000000
-60.62500000
-61.62121212
-62.00000000
-62.00000000
-62.00000000
-62.00000000
-62.00000000
-62.05454545
-63.00000000
-63.00000000
-63.00000000
-62.46428571
-62.00000000
-61.79245283
-61.00000000
-61.00000000
-61.00000000
-61.00000000
-61.00000000
-61.00000000
-61.75000000
-62.00000000
-62.00000000
-62.00000000
-62.00000000
-62.50000000
-63.00000000
-63.85964912
-64.00000000
-64.56140351
-65.00000000
-65.00000000
-65.00000000
-66.00000000
-66.00000000
-65.20000000
-65.00000000
-64.62068966
-64.00000000
-64.00000000
-64.00000000
-64.00000000
-64.00000000
-63.26415094
-63.91379310
-64.00000000
-64.00000000
-64.59649123
-65.00000000
-65.11475410
-65.71929825
-65.00000000
-65.00000000
-65.00000000
-65.00000000
-64.98245614
-64.62500000
-65.00000000
-65.00000000
-65.00000000
-65.00000000
-64.34848485
-63.43209877
-63.00000000
-63.00000000
-63.00000000
-63.58490566
-64.00000000
-64.00000000
-64.00000000
-64.00000000
-64.00000000
-64.00000000
-64.05263158
-64.37735849
-64.57377049
-65.00000000
-65.51785714
-65.32727273
-65.00000000
-64.45283019
-64.00000000
-63.82051282
-63.00000000
-63.00000000
-63.00000000
-63.00000000
-63.42592593
-63.90243902
-64.00000000
-64.00000000
-64.73770492
-65.00000000
-65.00000000
-65.00000000
-65.53225806
-65.68421053
-65.00000000
-64.76136364
-64.00000000
-64.00000000
-64.10606061
-65.00000000
-66.00000000
-66.00000000
-66.00000000
-66.00000000
-65.55357143
-65.00000000
-65.31578947
-66.00000000
-66.00000000
-66.00000000
-66.00000000
-66.94642857
-66.72222222
-65.75862069
-65.00000000
-65.00000000
-65.70689655
-66.00000000
-65.12307692
-64.00000000
-64.00000000
-64.00000000
-64.00000000
-64.00000000
-64.98245614
-65.00000000
-65.00000000
-65.63636364
-65.81132075
-65.00000000
-65.00000000
-64.33333333
-64.00000000
-64.00000000
-64.00000000
-64.00000000
-64.64556962
-65.00000000
-65.00000000
-64.82926829
-65.00000000
-64.59722222
-64.00000000
-63.44444444
-63.00000000
-63.00000000
-63.84482759
-63.19642857
-63.00000000
-63.00000000
-63.00000000
-63.00000000
-62.00000000
-62.00000000
-62.00000000
-62.00000000
-62.00000000
-62.56363636
-63.00000000
-63.35714286
-64.00000000
-63.00000000
-62.19117647
-62.00000000
-61.70175439
-61.00000000
-61.61403509
-62.77192982
-63.00000000
-63.22413793
-63.37735849
-63.00000000
-63.00000000
-63.07407407
-65.34482759
-67.00000000
-67.00000000
-67.75438596
-68.88888889
-68.26923077
-66.64912281
-66.00000000
-66.00000000
-66.87272727
-67.00000000
-67.98305085
-68.00000000
-68.56140351
-68.96610169
-67.59259259
-67.19642857
-68.00000000
-68.67924528
-69.57647059
-70.57407407
-71.96551724
-73.75630252
-77.07352941
-78.45744681
-80.10227273
-81.94318182
-82.00000000
-82.00000000
-82.00000000
-82.00000000
-82.00000000
-82.00000000
-82.00000000
-82.00000000
-82.00000000
-82.00000000
-82.00000000
-82.00000000
-82.00000000
-82.00000000
-82.00000000
-82.00000000
-82.00000000
-85.00000000
-74.41428571
-72.04201681
-71.96116505
-75.03061224
-77.35227273
-77.38461538
-77.85393258
-78.00000000
-78.00000000
-73.84496124
-65.82926829
-68.22807018
-70.30769231
-71.31372549
-73.42857143
-74.00000000
-74.00000000
-75.77906977
-77.06153846
-78.26923077
-79.00000000
-79.00000000
-79.54237288
-80.00000000
-80.00000000
-80.00000000
-80.00000000
-80.00000000
-80.00000000
-80.00000000
-80.00000000
-80.00000000
-80.00000000
-80.00000000
-80.00000000
-80.00000000
-80.00000000
-80.00000000
-71.90322581
-69.03174603
-68.37362637
-67.03809524
-65.24742268
-64.00000000
-64.61764706
-64.05154639
-62.64705882
-62.45283019
-64.08860759
-66.66216216
-68.21052632
-68.86486486
-68.64556962
-67.80597015
-67.00000000
-66.44000000
-64.44594595
-63.17948718
-65.23287671
-64.47311828
-63.66000000
-66.62162162
-65.12000000
-63.00000000
-62.94736842
-56.40000000
-51.07500000
-52.52112676
-53.94444444
-54.59405941
-55.91379310
-59.67105263
-63.22535211
-61.00000000
-65.01298701
-70.93670886
-73.67164179
-70.57843137
-67.64634146
-66.17073171
-71.07246377
-75.40259740
-76.79439252
-76.05128205
-75.71578947
-75.00000000
-75.00000000
-75.98657718
-80.00000000
-80.00000000
-80.84782609
-80.00000000
-80.00000000
-77.86000000
-66.09523810
-66.79661017
-66.85483871
-66.00000000
-65.73333333
-64.95081967
-64.00000000
-64.00000000
-64.00000000
-64.00000000
-63.06557377
-62.70909091
-60.87500000
-59.00000000
-57.05084746
-52.82758621
-47.93902439
-47.08620690
-48.00000000
-49.45000000
-53.07017544
-54.87500000
-57.66153846
-60.42622951
-61.44262295
-62.56451613
-63.00000000
-63.60273973
-64.37837838
-66.50877193
-67.00000000
-68.58108108
-69.60431655
-70.00000000
-70.70370370
-72.72222222
-74.35064935
-75.09589041
-76.11864407
-77.00000000
-77.00000000
-77.55172414
-78.00000000
-78.00000000
-78.00000000
-78.00000000
-78.50000000
-79.00000000
-78.22580645
-78.00000000
-78.00000000
-78.00000000
-78.00000000
-78.00000000
-78.00000000
-77.74576271
-77.00000000
-76.53448276
-75.57142857
-74.80952381
-74.00000000
-74.00000000
-74.00000000
-74.00000000
-74.00000000
-74.00000000
-74.00000000
-74.00000000
-74.00000000
-74.00000000
-74.00000000
-86.63265306
-87.00000000
-87.00000000
-87.00000000
-87.00000000
-73.71428571
-71.42028986
-68.22307692
-65.61666667
-65.00000000
-65.34677419
-66.70289855
-67.65789474
-69.33333333
-71.67272727
-72.00000000
-73.03076923
-74.28571429
-77.40000000
-78.81250000
-79.69411765
-81.00000000
-80.82716049
-77.99130435
-77.00000000
-77.00000000
-75.76315789
-75.93617021
-76.00000000
-75.25362319
-73.22105263
-73.21739130
-71.22641509
-70.85333333
-70.00000000
-69.31944444
-69.00000000
-68.05555556
-68.00000000
-66.71052632
-64.00000000
-62.29824561
-61.00000000
-60.18681319
-60.00000000
-59.20000000
-59.00000000
-58.09259259
-58.00000000
-57.73563218
-57.00000000
-56.43859649
-54.52857143
-53.48351648
-52.00000000
-51.01754386
-50.15094340
-48.36764706
-49.32894737
-52.00000000
-54.52830189
-55.31481481
-57.63207547
-60.64912281
-61.35849057
-62.00000000
-62.00000000
-62.00000000
-61.65517241
-60.20754717
-60.00000000
-59.49122807
-59.03225806
-60.00000000
-60.40540541
-61.31578947
-61.36250000
-61.00000000
-61.95161290
-62.11320755
-63.30000000
-64.88679245
-65.40740741
-68.75862069
-70.00000000
-70.00000000
-70.00000000
-70.00000000
-70.00000000
-70.00000000
-69.74074074
-69.00000000
-69.80769231
-70.00000000
-70.00000000
-70.00000000
-70.24074074
-70.00000000
-70.00000000
-70.00000000
-70.00000000
-70.00000000
-70.00000000
-70.00000000
-70.00000000
-70.00000000
-69.38983051
-67.01851852
-65.80000000
-64.73584906
-64.00000000
-63.59649123
-62.71428571
-61.82812500
-61.02631579
-62.00000000
-61.59649123
-59.33333333
-58.07017544
-56.35849057
-55.39622642
-54.24074074
-54.00000000
-53.33333333
-53.00000000
-53.00000000
-53.12727273
-54.44827586
-55.46153846
-56.00000000
-56.51724138
-57.00000000
-57.28301887
-58.04687500
-60.07894737
-62.91228070
-64.64285714
-65.00000000
-65.64814815
-67.57407407
-71.80555556
-72.20689655
-72.03703704
-74.28070175
-75.48148148
-77.05434783
-78.00000000
-78.00000000
-78.43103448
-79.00000000
-79.00000000
-79.00000000
-79.00000000
-79.00000000
-77.11188811
-73.06451613
-74.00000000
-74.00000000
-74.84210526
-75.00000000
-75.00000000
-75.00000000
-75.00000000
-76.40350877
-77.51785714
-78.35593220
-79.00000000
-79.22222222
-80.00000000
-80.00000000
-80.00000000
-80.00000000
-80.00000000
-80.25170068
-81.00000000
-81.00000000
-81.00000000
-81.00000000
-67.00000000
-69.32051282
-65.22388060
-63.11111111
-62.33628319
-62.13761468
-62.00000000
-60.76119403
-59.28571429
-59.00000000
-59.00000000
-58.48275862
-58.42857143
-59.37735849
-60.87037037
-62.98333333
-65.68518519
-67.37254902
-69.70454545
-71.10714286
-73.19298246
-74.84905660
-75.00000000
-75.55769231
-77.43103448
-78.28571429
-79.60000000
-80.95652174
-81.11267606
-82.00000000
-82.00000000
-82.00000000
-82.00000000
-77.81203008
-67.73750000
-66.00000000
-64.61061947
-63.77419355
-64.00000000
-64.01111111
-64.00000000
-65.31343284
-67.00000000
-68.25000000
-69.69642857
-70.75806452
-72.03508772
-72.80701754
-70.26562500
-68.40000000
-68.00000000
-68.00000000
-68.00000000
-68.00000000
-68.27272727
-67.91525424
-67.23728814
-68.00000000
-68.64516129
-69.00000000
-69.93333333
-69.94827586
-67.85245902
-65.83928571
-62.95161290
-62.00000000
-62.00000000
-61.65000000
-60.15625000
-58.34482759
-56.30645161
-56.00000000
-55.76363636
-55.00000000
-55.00000000
-53.96226415
-53.17543860
-52.45000000
-51.17441860
-50.30645161
-49.53448276
-49.00000000
-49.56451613
-50.61016949
-53.31034483
-55.00000000
-55.00000000
-56.67187500
-59.96491228
-61.00000000
-63.26666667
-64.63793103
-67.78333333
-69.37190083
-70.00000000
-70.44615385
-71.70175439
-72.86885246
-73.00000000
-73.00000000
-74.17741935
-75.75862069
-76.55357143
-77.00000000
-77.00000000
-77.00000000
-77.00000000
-77.00000000
-77.00000000
-77.00000000
-63.97979798
-62.00000000
-62.98245614
-63.00000000
-63.00000000
-63.00000000
-63.22222222
-63.00000000
-63.00000000
-63.00000000
-62.38983051
-62.00000000
-62.00000000
-62.48148148
-63.00000000
-63.85714286
-65.41071429
-66.00000000
-66.00000000
-65.58490566
-66.00000000
-66.00000000
-64.77192982
-64.00000000
-64.00000000
-64.00000000
-64.00000000
-64.00000000
-63.34545455
-63.00000000
-63.00000000
-62.03797468
-61.23157895
-62.00000000
-62.00000000
-62.56896552
-63.00000000
-63.03773585
-64.00000000
-63.83333333
-63.00000000
-62.85185185
-62.80882353
-62.00000000
-62.00000000
-62.00000000
-62.00000000
-62.00000000
-62.00000000
-62.30508475
-63.00000000
-63.24074074
-64.00000000
-64.00000000
-64.00000000
-64.00000000
-64.00000000
-64.00000000
-64.00000000
-64.00000000
-64.00000000
-64.64150943
-64.36842105
-63.55555556
-63.00000000
-62.10526316
-61.37735849
-60.60714286
-60.73584906
-61.00000000
-61.00000000
-61.00000000
-61.00000000
-61.00000000
-61.00000000
-60.57407407
-60.00000000
-60.00000000
-60.00000000
-60.00000000
-60.66666667
-61.62068966
-62.00000000
-62.66666667
-63.00000000
-63.00000000
-63.00000000
-62.44871795
-62.58620690
-62.00000000
-62.00000000
-62.58620690
-63.00000000
-62.10344828
-62.00000000
-62.00000000
-62.00000000
-62.00000000
-62.00000000
-62.00000000
-62.00000000
-62.00000000
-61.51807229
-61.00000000
-61.00000000
-61.98863636
-62.00000000
-62.00000000
-62.83333333
-62.00000000
-62.00000000
-62.00000000
-62.00000000
-65.00000000
-64.79865772
-64.36000000
-65.27200000
-66.04716981
-67.00000000
-67.00000000
-67.38596491
-67.68421053
-67.00000000
-67.00000000
-66.82500000
-66.00000000
-66.00000000
-65.75409836
-65.00000000
-65.00000000
-65.00000000
-65.00000000
-64.58593750
-65.00000000
-65.76800000
-66.00000000
-66.00000000
-66.62307692
-67.00000000
-67.00000000
-67.09230769
-68.04477612
-69.00000000
-69.78518519
-70.00000000
-70.00000000
-70.00000000
-70.00000000
-69.01459854
-69.42446043
-69.46616541
-70.00000000
-70.18045113
-71.00000000
-71.00000000
-71.00000000
-70.78832117
-69.62962963
-68.26470588
-67.72388060
-67.87407407
-68.00000000
-68.00000000
-68.75000000
-69.88888889
-70.00000000
-70.80597015
-71.00000000
-71.93478261
-72.00000000
-72.00000000
-72.00000000
-72.00000000
-72.00000000
-72.00000000
-72.00000000
-72.00000000
-71.05147059
-71.00000000
-71.00000000
-71.00000000
-71.00000000
-70.47014925
-70.00000000
-70.00000000
-69.21052632
-69.00000000
-69.00000000
-69.00000000
-69.00000000
-69.00000000
-69.00000000
-69.50000000
-70.00000000
-70.00000000
-70.00000000
-70.51470588
-71.00000000
-71.01481481
-72.00000000
-72.00000000
-72.00000000
-72.00000000
-72.00000000
-72.00000000
-72.00000000
-72.00000000
-72.00000000
-71.17777778
-71.00000000
-71.00000000
-70.72592593
-70.00000000
-68.43511450
-65.68421053
-63.98540146
-61.60000000
-59.57777778
-59.00000000
-58.45522388
-58.00000000
-58.00000000
-58.40298507
-59.00000000
-58.89312977
-58.90370370
-59.02255639
-60.38686131
-61.77536232
-63.96268657
-65.20740741
-64.57037037
-62.62500000
-60.37777778
-57.98518519
-57.00000000
-57.00000000
-57.37956204
-58.66423358
-60.56204380
-61.34558824
-61.00000000
-60.22388060
-58.75912409
-58.00000000
-58.64925373
-60.37777778
-61.12592593
-62.98507463
-64.00000000
-63.38970588
-62.42028986
-61.35074627
-58.60869565
-57.77777778
-57.18518519
-57.35820896
-58.31851852
-59.00000000
-59.00000000
-58.57246377
-58.24264706
-58.29411765
-59.47445255
-60.42335766
-62.14925373
-63.00000000
-63.00000000
-63.00000000
-63.00000000
-62.00763359
-61.46666667
-61.00000000
-61.00000000
-61.00000000
-61.00000000
-61.72794118
-62.00000000
-62.00000000
-62.00000000
-62.00000000
-62.00000000
-62.00000000
-62.00000000
-62.00000000
-62.00000000
-62.00000000
-61.56115108
-61.59701493
-62.34722222
-63.00000000
-63.88970588
-64.63503650
-65.00000000
-64.24626866
-63.71212121
-62.54347826
-61.57971014
-60.62962963
-60.00000000
-60.27407407
-61.00000000
-61.60869565
-62.57246377
-63.30882353
-64.00000000
-64.86231884
-65.00000000
-65.00000000
-65.00000000
-64.54014599
-64.00000000
-63.00000000
-63.00000000
-63.43382353
-63.21212121
-63.00000000
-63.57664234
-64.00000000
-64.00000000
-64.00000000
-64.00000000
-64.00000000
-64.00000000
-64.00000000
-64.00000000
-64.37956204
-65.00000000
-65.00000000
-65.00000000
-65.00000000
-65.00000000
-65.00000000
-65.00000000
-65.00000000
-65.19708029
-66.00000000
-66.00000000
-66.66666667
-67.00000000
-67.00000000
-67.00000000
-67.00000000
-67.00000000
-67.00000000
-67.00000000
-67.00000000
-67.00000000
-67.00000000
-67.00000000
-67.00000000
-67.00000000
-67.00000000
-67.00000000
-67.00000000
-67.00000000
-67.91851852
-67.53333333
-67.19852941
-68.00000000
-67.46715328
-67.00000000
-67.43283582
-67.58992806
-67.00000000
-67.52631579
-68.00000000
-67.15671642
-67.18571429
-68.00000000
-68.00000000
-68.00000000
-68.21804511
-69.00000000
-69.00000000
-69.00000000
-69.00000000
-69.00000000
-68.00724638
-68.00000000
-68.00000000
-68.00000000
-68.00000000
-68.00000000
-68.00000000
-68.00000000
-67.59558824
-67.00000000
-67.00000000
-67.00000000
-66.75000000
-66.00000000
-65.00746269
-65.00000000
-65.00000000
-65.00000000
-65.00000000
-65.14598540
-65.27819549
-65.25925926
-66.00000000
-65.56617647
-66.00000000
-66.00000000
-66.88321168
-67.00000000
-67.00000000
-67.00000000
-67.00000000
-66.75362319
-66.39259259
-67.00000000
-67.09489051
-68.00000000
-68.22962963
-69.00000000
-69.00000000
-69.00000000
-69.00000000
-68.17142857
-68.00000000
-68.00000000
-67.94160584
-67.02919708
-68.00000000
-68.00000000
-68.00000000
-68.00000000
-68.00000000
-68.00000000
-68.00000000
-67.91111111
-67.00000000
-67.00000000
-67.00000000
-66.78832117
-67.00000000
-66.53731343
-66.40298507
-66.42335766
-66.00000000
-66.00000000
-66.00000000
-66.00000000
-66.00000000
-65.48920863
-65.67164179
-66.00000000
-66.00000000
-66.32835821
-67.00000000
-66.96268657
-66.00000000
-66.00000000
-65.05147059
-65.00000000
-65.61870504
-65.61764706
-66.00000000
-66.00000000
-66.00000000
-66.00000000
-65.60447761
-65.97122302
-66.00000000
-66.00000000
-66.00000000
-66.79411765
-67.00000000
-67.00000000
-67.00000000
-67.00000000
-67.78260870
-67.88721805
-67.00000000
-66.36231884
-66.00000000
-65.63970588
-65.31851852
-66.00000000
-66.00000000
-65.21481481
-65.73333333
-65.91851852
-65.00000000
-65.17037037
-65.63503650
-65.00000000
-65.48529412
-66.00000000
-65.58088235
-66.00000000
-66.00000000
-66.00000000
-66.00000000
-66.00000000
-66.00000000
-66.28888889
-66.12318841
-66.00000000
-66.21014493
-66.22302158
-66.00000000
-66.00000000
-66.00000000
-65.44852941
-65.11111111
-66.00000000
-65.77777778
-65.19117647
-66.00000000
-65.06569343
-65.45925926
-65.79562044
-65.00000000
-65.33088235
-65.92142857
-65.00000000
-65.00000000
-65.00000000
-64.26119403
-64.00000000
-64.64179104
-65.00000000
-65.00000000
-65.08088235
-65.95588235
-65.00000000
-65.15789474
-65.87591241
-65.00000000
-65.00000000
-65.00000000
-65.00000000
-65.00000000
-65.00000000
-65.86764706
-65.17985612
-65.00000000
-64.69285714
-64.00000000
-64.00000000
-64.00000000
-64.00000000
-64.00000000
-64.00000000
-64.61194030
-65.00000000
-65.00000000
-65.00000000
-65.01492537
-66.00000000
-66.00000000
-66.00000000
-66.00000000
-66.00000000
-66.00000000
-65.57462687
-66.00000000
-66.00000000
-66.00000000
-66.00000000
-66.00000000
-66.00000000
-66.00000000
-66.00000000
-66.00000000
-65.47761194
-65.00000000
-65.00000000
-65.00000000
-65.00000000
-65.70802920
-66.00000000
-66.00000000
-66.58088235
-66.68148148
-66.00000000
-66.00000000
-66.00000000
-66.00000000
-65.36090226
-66.00000000
-65.35766423
-65.00000000
-65.34782609
-66.00000000
-66.00000000
-66.42753623
-67.00000000
-67.00000000
-66.09022556
-66.00000000
-66.00000000
-65.01481481
-65.00000000
-64.31111111
-63.57352941
-63.00000000
-63.00000000
-63.00000000
-63.00000000
-63.00000000
-63.60150376
-64.00000000
-64.00000000
-64.00000000
-64.00000000
-64.00000000
-64.00000000
-64.00000000
-64.00000000
-64.00000000
-64.00000000
-63.06666667
-63.00000000
-62.36567164
-62.00000000
-62.00000000
-62.08888889
-63.00000000
-63.00000000
-63.35820896
-64.00000000
-64.00000000
-64.00000000
-63.82222222
-63.00000000
-63.00000000
-63.00000000
-63.64492754
-64.00000000
-64.75362319
-65.00000000
-64.75000000
-64.00000000
-63.61029412
-63.00000000
-63.00000000
-63.00000000
-63.00000000
-63.00000000
-63.00000000
-63.00000000
-63.43478261
-64.00000000
-64.97058824
-65.00000000
-65.00000000
-65.00000000
-63.62773723
-63.00000000
-62.08759124
-62.00000000
-62.00000000
-62.00000000
-62.00000000
-62.00000000
-62.00000000
-62.00000000
-62.00000000
-62.00000000
-62.48148148
-63.00000000
-63.00000000
-63.00000000
-63.00000000
-63.00000000
-63.00000000
-63.00000000
-63.00000000
-63.00000000
-63.00000000
-63.00000000
-63.00000000
-63.00000000
-62.71532847
-62.01470588
-63.00000000
-63.00000000
-63.00000000
-63.00000000
-63.00000000
-63.00000000
-63.00000000
-63.00000000
-63.00000000
-63.00000000
-63.00000000
-63.00000000
-63.00000000
-63.01470588
-64.00000000
-64.00000000
-64.00000000
-64.00000000
-64.83088235
-65.00000000
-65.00000000
-64.51094891
-64.00000000
-63.80000000
-63.00000000
-63.00000000
-63.00000000
-63.00000000
-63.00000000
-63.55882353
-64.00000000
-64.00000000
-64.00000000
-64.79259259
-65.00000000
-65.00000000
-65.00000000
-65.00000000
-65.00000000
-65.00000000
-65.00000000
-65.00000000
-65.00000000
-65.00000000
-65.00000000
-65.00000000
-65.00000000
-65.00000000
-65.00000000
-65.00000000
-65.00000000
-65.00000000
-65.00000000
-65.00000000
-65.00000000
-65.00000000
-65.00000000
-65.00000000
-65.00000000
-65.00000000
-65.00000000
-65.00000000
-65.00000000
-65.00000000
-65.00000000
-65.00000000
-65.00000000
-65.00000000
-65.00000000
-65.21052632
-65.00000000
-65.14393939
-66.00000000
-66.00000000
-66.00000000
-66.00000000
-65.03597122
-65.00000000
-65.00000000
-64.37037037
-64.00000000
-64.00000000
-64.00000000
-64.20437956
-64.00000000
-64.36567164
-65.53237410
-66.68840580
-67.43165468
-68.61194030
-69.56934307
-69.90298507
-69.04929577
-69.78260870
-70.00000000
-70.00000000
-66.00000000
-66.00000000
-66.00000000
-66.00000000
-66.00000000
-66.00000000
-66.00000000
-66.00000000
-65.31531532
-63.40677966
-63.00000000
-63.09401709
-64.00000000
-64.44800000
-66.60465116
-67.58730159
-68.00000000
-68.00000000
-67.14754098
-66.82170543
-65.24615385
-65.48837209
-65.12403101
-65.00000000
-65.94696970
-66.35294118
-65.27611940
-66.42857143
-67.00000000
-66.02189781
-66.62318841
-65.25714286
-64.00000000
-63.20143885
-62.87323944
-62.00000000
-62.00000000
-62.00000000
-62.37062937
-63.00000000
-64.18881119
-65.00000000
-65.40559441
-65.02127660
-64.27586207
-64.00000000
-64.20833333
-63.78620690
-64.00000000
-64.92465753
-65.24305556
-66.20689655
-68.37162162
-69.74482759
-70.48965517
-71.66206897
-72.59712230
-73.00000000
-72.88965517
-72.48611111
-73.00000000
-72.19310345
-71.24137931
-69.46896552
-67.32624113
-66.58041958
-65.41134752
-63.90845070
-62.92465753
-61.34042553
-60.38194444
-60.56944444
-60.04929577
-60.00000000
-60.00000000
-59.58741259
-60.00000000
-60.92957746
-62.20567376
-64.42657343
-66.17482517
-66.79020979
-67.50704225
-68.67375887
-69.00000000
-69.58041958
-70.71724138
-71.69655172
-72.46575342
-74.40410959
-76.54421769
-77.61379310
-79.00000000
-79.42968750
-80.00000000
-80.00000000
-80.00000000
-74.84615385
-66.00000000
-67.77611940
-71.65492958
-74.14184397
-75.00000000
-75.00000000
-75.28571429
-76.41044776
-77.52459016
-78.96491228
-79.00000000
-74.57396450
-68.22695035
-71.44055944
-72.57638889
-73.95000000
-74.74468085
-76.65034965
-77.38571429
-77.86428571
-77.00000000
-77.00000000
-77.00000000
-77.00000000
-77.00000000
-77.00000000
-77.00000000
-77.00000000
-77.00000000
-75.19642857
-71.67391304
-70.34814815
-70.11347518
-70.00000000
-70.00000000
-69.45000000
-68.07692308
-67.95744681
-67.00000000
-67.00000000
-67.00000000
-65.88111888
-66.00000000
-66.81118881
-68.53793103
-70.36170213
-72.00000000
-71.35862069
-69.81818182
-68.24113475
-68.00000000
-67.12765957
-67.41258741
-68.00000000
-68.00000000
-68.00000000
-67.37062937
-68.00000000
-68.70833333
-70.83561644
-73.42758621
-75.44444444
-75.60000000
-74.65492958
-73.50344828
-71.43661972
-71.00000000
-71.00000000
-71.00000000
-70.42657343
-68.51048951
-66.16901408
-63.86428571
-62.26760563
-62.00000000
-63.09090909
-64.39007092
-64.43884892
-64.63120567
-64.19285714
-63.36170213
-63.00000000
-62.87142857
-62.00000000
-61.75714286
-61.00000000
-60.06382979
-59.20979021
-58.71428571
-58.00000000
-58.00000000
-58.00000000
-57.47517730
-57.00000000
-56.13888889
-55.00000000
-54.86619718
-54.92198582
-55.45517241
-57.46762590
-58.00000000
-58.74647887
-59.48951049
-60.00000000
-59.18620690
-59.37142857
-59.47517730
-59.73611111
-62.53472222
-65.40425532
-67.87500000
-69.93006993
-70.00000000
-70.00000000
-70.00000000
-70.66666667
-72.28472222
-74.13380282
-76.41666667
-78.13986014
-79.00000000
-79.00000000
-79.00000000
-79.00000000
-79.00000000
-79.00000000
-79.00000000
-79.00000000
-79.00000000
-79.00000000
-79.00000000
-79.00000000
-79.00000000
-79.00000000
-79.00000000
-79.00000000
-73.04477612
-71.77777778
-72.00000000
-72.00000000
-71.87096774
-72.00000000
-70.95000000
-71.59574468
-72.76086957
-73.00000000
-73.66906475
-74.83216783
-74.63309353
-74.00000000
-74.69852941
-74.73015873
-74.00000000
-74.00000000
-74.72262774
-75.00000000
-75.63043478
-76.00000000
-76.61870504
-76.00000000
-75.75539568
-75.21323529
-75.58695652
-76.00000000
-76.91428571
-76.76258993
-76.00000000
-76.00000000
-75.27142857
-74.04444444
-72.78358209
-72.00000000
-70.45714286
-69.90780142
-69.00000000
-69.00000000
-69.00000000
-68.87857143
-68.00000000
-68.00000000
-68.00000000
-68.00000000
-68.00000000
-68.00000000
-68.00000000
-68.00000000
-68.00000000
-68.00000000
-68.00000000
-68.41007194
-69.00000000
-69.00000000
-69.50364964
-70.00000000
-70.00000000
-70.00000000
-70.00000000
-69.79562044
-69.75714286
-69.00000000
-69.98550725
-70.00000000
-70.00000000
-70.00000000
-70.00000000
-70.12857143
-71.00000000
-71.00000000
-70.58695652
-70.00000000
-70.00000000
-70.00000000
-70.00000000
-70.00000000
-70.00000000
-70.00000000
-69.10791367
-69.00000000
-69.18115942
-70.00000000
-70.00000000
-70.00000000
-69.37588652
-68.84285714
-68.00000000
-68.00000000
-68.23913043
-69.00000000
-69.76760563
-70.00000000
-70.00000000
-70.00000000
-70.00000000
-70.00000000
-70.00000000
-70.00000000
-70.20863309
-71.16901408
-72.00000000
-72.92086331
-73.90000000
-74.17985612
-74.00000000
-73.26241135
-73.00000000
-73.00000000
-73.00000000
-73.00000000
-73.00000000
-73.00000000
-72.36690647
-72.00000000
-72.00000000
-72.00000000
-72.00000000
-72.00000000
-72.00000000
-72.00000000
-72.00000000
-72.00000000
-72.00000000
-72.00000000
-72.00000000
-72.47857143
-73.43478261
-74.00000000
-74.21014493
-74.00000000
-74.00000000
-73.16901408
-73.00000000
-73.74637681
-74.00000000
-74.02836879
-75.00000000
-75.00000000
-75.00000000
-75.00000000
-75.00000000
-75.00000000
-75.00000000
-75.00000000
-75.00000000
-75.00000000
-75.00000000
-75.00000000
-75.00000000
-75.00000000
-75.00000000
-75.00000000
-75.00000000
-75.00000000
-75.00000000
-75.00000000
-75.00000000
-75.93478261
-76.00000000
-76.00000000
-76.00000000
-75.44444444
-75.00000000
-75.00000000
-74.80141844
-73.42142857
-73.00000000
-72.10000000
-71.56428571
-71.81294964
-72.00000000
-72.00000000
-72.00000000
-72.00000000
-72.80141844
-73.00000000
-73.92142857
-74.00000000
-74.00000000
-74.00000000
-74.00000000
-74.00000000
-74.00000000
-74.00000000
-74.00000000
-74.00000000
-74.00000000
-73.14685315
-73.00000000
-73.00000000
-72.90714286
-72.88571429
-73.00000000
-73.00000000
-72.46428571
-72.00000000
-72.00000000
-72.00000000
-72.00000000
-72.00000000
-72.00000000
-72.00000000
-71.60839161
-71.00000000
-71.00000000
-70.53237410
-69.79285714
-69.00000000
-69.00000000
-69.00000000
-69.00000000
-69.00000000
-69.00000000
-69.00000000
-69.00000000
-68.97872340
-68.00000000
-68.00000000
-68.00000000
-68.00000000
-68.00000000
-68.00000000
-68.00000000
-68.00000000
-68.00000000
-68.00000000
-68.00000000
-68.00000000
-68.27536232
-69.00000000
-69.00000000
-69.00000000
-68.47794118
-68.00000000
-68.00000000
-68.00000000
-68.00000000
-68.08633094
-69.00000000
-69.00000000
-69.36619718
-70.00000000
-70.00000000
-70.00000000
-70.61870504
-71.00000000
-70.68794326
-70.00000000
-70.00000000
