-64.61818182
-65.53846154
-67.00000000
-67.58563536
-68.88596491
-70.64233577
-72.38938053
-73.00000000
-73.60550459
-76.70085470
-79.41176471
-80.91836735
-81.00000000
-81.00000000
-81.00000000
-81.37373737
-82.00000000
-82.13207547
-83.00000000
-83.00000000
-83.00000000
-83.00000000
-51.62679426
-51.77310924
-50.17857143
-46.60169492
-56.08843537
-65.95762712
-72.20805369
-76.87218045
-80.42483660
-66.73853211
-67.56363636
-62.89847716
-63.00000000
-63.00000000
-63.00000000
-62.98453608
-63.00000000
-63.00000000
-63.25454545
-64.00000000
-64.00000000
-64.00000000
-63.19658120
-64.64220183
-66.03571429
-67.56637168
-68.75172414
-68.22018349
-68.00000000
-68.00000000
-59.52222222
-62.88785047
-62.90265487
-62.01834862
-62.00000000
-61.37500000
-61.00000000
-61.41780822
-61.54629630
-62.00000000
-61.49090909
-62.00000000
-62.00000000
-61.44545455
-61.00000000
-61.00000000
-60.40963855
-60.66981132
-61.00000000
-61.00000000
-61.00000000
-61.00000000
-61.00000000
-61.00000000
-61.00000000
-61.42241379
-61.08108108
-59.35454545
-60.19298246
-61.55140187
-61.80180180
-60.80341880
-61.00000000
-61.00000000
-60.55263158
-60.30973451
-61.82758621
-62.00000000
-62.00000000
-62.58730159
-63.00000000
-62.23008850
-61.38888889
-61.00000000
-61.00000000
-61.37500000
-62.00000000
-62.00000000
-62.75675676
-63.92792793
-64.82394366
-65.00000000
-66.00000000
-65.12056738
-64.32432432
-64.00000000
-64.00000000
-63.60360360
-64.00000000
-64.80172414
-65.40677966
-65.00000000
-65.00000000
-64.80530973
-65.00000000
-65.00000000
-63.84353741
-63.00000000
-63.28971963
-64.00000000
-64.00000000
-64.00000000
-64.20909091
-64.83006536
-65.42342342
-64.72641509
-63.89928058
-63.00000000
-63.00000000
-63.71323529
-64.00000000
-64.88652482
-65.00000000
-65.60504202
-64.85616438
-64.00000000
-64.59310345
-66.00000000
-66.00000000
-65.27433628
-65.65486726
-66.00000000
-66.48181818
-66.22321429
-65.00000000
-65.85344828
-64.48993289
-64.00000000
-64.00000000
-64.99090909
-65.31250000
-65.39449541
-64.66972477
-64.00000000
-64.00000000
-64.80952381
-64.92045455
-64.81645570
-63.75409836
-63.00000000
-63.52631579
-63.00000000
-63.00000000
-62.00000000
-62.00000000
-62.27927928
-63.20979021
-63.47747748
-62.09090909
-61.36036036
-62.19298246
-63.11504425
-63.18518519
-63.03773585
-66.15789474
-67.37719298
-68.54609929
-66.33944954
-66.42857143
-67.51785714
-68.29090909
-68.30973451
-67.59459459
-69.23188406
-71.29464286
-74.96256684
-79.25274725
-81.96894410
-82.00000000
-82.00000000
-82.00000000
-82.00000000
-82.00000000
-82.00000000
-82.00000000
-82.00000000
-85.00000000
-74.41428571
-72.00450450
-76.12903226
-77.61666667
-78.00000000
-70.72985782
-69.22018349
-72.58593750
-74.00000000
-76.33112583
-78.62251656
-79.28318584
-80.00000000
-80.00000000
-80.00000000
-80.00000000
-80.00000000
-80.00000000
-80.00000000
-80.00000000
-69.97872340
-67.65816327
-64.64361702
-64.28484848
-62.52873563
-65.33333333
-68.53333333
-68.26027397
-66.69117647
-63.79605263
-64.80722892
-64.91954023
-63.99065421
-59.69536424
-51.75496689
-54.25837321
-57.40104167
-62.00636943
-68.01282051
-71.80473373
-66.90853659
-73.35616438
-76.48108108
-75.52307692
-75.47419355
-80.00000000
-80.62400000
-79.00925926
-66.38461538
-66.43442623
-65.33884298
-64.00000000
-64.00000000
-62.89655172
-60.17021277
-54.95726496
-47.43939394
-48.58783784
-54.07751938
-59.00000000
-62.00813008
-63.27500000
-65.30534351
-67.91406250
-69.71649485
-71.71296296
-74.71333333
-76.54385965
-77.28571429
-78.00000000
-78.00000000
-78.76073620
-78.09952607
-78.00000000
-78.00000000
-77.87288136
-76.76724138
-75.16806723
-74.00000000
-74.00000000
-74.00000000
-74.00000000
-74.00000000
-74.00000000
-86.63265306
-87.00000000
-87.00000000
-72.33187773
-66.97200000
-65.18067227
-67.13492063
-70.15286624
-72.54918033
-75.89655172
-79.31543624
-80.91025641
-77.57000000
-76.35616438
-75.98235294
-74.42489270
-72.01142857
-70.39024390
-69.18253968
-68.02803738
-65.27950311
-61.61666667
-60.11805556
-59.10185185
-58.04629630
-57.45070423
-55.38582677
-52.80838323
-50.60000000
-48.87500000
-53.25233645
-56.85000000
-60.99090909
-62.00000000
-61.81981982
-60.10280374
-59.20666667
-60.21428571
-61.34306569
-61.38311688
-62.74336283
-65.14953271
-69.36842105
-70.00000000
-70.00000000
-69.87155963
-69.39252336
-70.00000000
-70.12037037
-70.00000000
-70.00000000
-70.00000000
-70.00000000
-69.68141593
-66.40366972
-64.36792453
-63.13333333
-61.39285714
-61.79279279
-58.68468468
-55.87735849
-54.08280255
-53.16666667
-53.06250000
-54.82733813
-56.31250000
-57.14018692
-59.15000000
-63.76991150
-65.32110092
-70.39506173
-72.12500000
-74.86486486
-77.40410959
-78.22321429
-79.00000000
-79.00000000
-78.17431193
-73.51260504
-74.43243243
-75.00000000
-75.00000000
-76.95575221
-78.66071429
-79.65289256
-80.00000000
-80.00000000
-80.59706960
-81.00000000
-80.84269663
-69.32051282
-64.20000000
-62.23873874
-61.46794872
-59.15053763
-58.73214286
-58.79562044
-61.98245614
-66.50476190
-70.25000000
-73.99090909
-75.27358491
-77.85087719
-80.32558140
-81.58823529
-82.00000000
-79.93703704
-66.97887324
-64.23300971
-64.00564972
-64.57142857
-67.44117647
-70.25423729
-72.42105263
-69.36290323
-68.00000000
-68.00000000
-68.08771930
-67.61538462
-68.78289474
-69.94067797
-66.88888889
-62.47967480
-61.83333333
-59.29508197
-56.16521739
-55.37837838
-54.30817610
-52.80341880
-50.81081081
-49.27192982
-50.07438017
-54.11711712
-55.91452991
-60.58741259
-63.94067797
-68.84530387
-70.20422535
-72.30508475
-73.00000000
-74.94166667
-76.77064220
-77.00000000
-77.00000000
-77.00000000
-62.95609756
-62.99000000
-63.00000000
-63.10909091
-63.00000000
-62.20353982
-62.24299065
-63.33566434
-65.71304348
-65.79439252
-66.00000000
-64.30344828
-64.00000000
-64.00000000
-63.17592593
-62.42857143
-61.60109290
-62.29203540
-63.01869159
-63.91964286
-62.92682927
-62.35947712
-62.00000000
-62.00000000
-62.15517241
-63.12037037
-64.00000000
-64.00000000
-64.00000000
-64.00000000
-64.30909091
-63.87074830
-62.53636364
-60.98165138
-60.86915888
-61.00000000
-61.00000000
-60.78504673
-60.00000000
-60.00000000
-61.14782609
-62.41333333
-63.00000000
-62.70138889
-62.30630631
-62.30357143
-62.55172414
-62.00000000
-62.00000000
-62.00000000
-62.00000000
-61.25146199
-61.60000000
-62.00000000
-62.42452830
-62.00000000
-62.00000000
-64.86666667
-64.77454545
-66.53023256
-67.18803419
-67.34061135
-66.91025641
-66.00000000
-65.37704918
-65.00000000
-64.78800000
-65.38095238
-66.00000000
-66.81368821
-67.04562738
-68.52592593
-69.89416058
-70.00000000
-69.50549451
-69.44485294
-70.08921933
-71.00000000
-70.89454545
-68.94464945
-67.79925651
-68.00000000
-69.31734317
-70.40148699
-71.47252747
-72.00000000
-72.00000000
-72.00000000
-72.00000000
-71.02545455
-71.00000000
-70.73992674
-70.00000000
-69.10526316
-69.00000000
-69.00000000
-69.24814815
-70.00000000
-70.25925926
-71.00749064
-72.00000000
-72.00000000
-72.00000000
-72.00000000
-71.59191176
-71.00000000
-70.35766423
-67.04924242
-62.80147059
-59.28571429
-58.22761194
-58.20074349
-58.94696970
-58.96268657
-61.08363636
-64.58736059
-63.59409594
-59.18148148
-57.00000000
-58.02189781
-60.95238095
-60.61764706
-58.38376384
-59.51672862
-62.05204461
-63.69372694
-61.89338235
-58.19780220
-57.27137546
-58.65671642
-58.78467153
-58.26838235
-59.94890511
-62.57933579
-63.00000000
-62.51310861
-61.23247232
-61.00000000
-61.36666667
-62.00000000
-62.00000000
-62.00000000
-62.00000000
-62.00000000
-61.57875458
-62.66548043
-64.26373626
-64.62592593
-63.11481481
-61.10989011
-60.13805970
-61.30545455
-62.93795620
-64.43115942
-65.00000000
-64.76666667
-63.50183150
-63.21851852
-63.10486891
-63.78518519
-64.00000000
-64.00000000
-64.00000000
-64.19259259
-65.00000000
-65.00000000
-65.00000000
-65.00000000
-65.59558824
-66.32967033
-67.00000000
-67.00000000
-67.00000000
-67.00000000
-67.00000000
-67.00000000
-67.00000000
-67.00000000
-67.45925926
-67.36531365
-67.73454545
-67.21402214
-67.30147059
-67.76579926
-67.17153285
-68.00000000
-68.10622711
-69.00000000
-69.00000000
-68.50181818
-68.00000000
-68.00000000
-68.00000000
-67.79629630
-67.00000000
-66.87545788
-65.50922509
-65.00000000
-65.00000000
-65.21111111
-65.63369963
-65.78066914
-66.44322344
-67.00000000
-67.00000000
-66.57509158
-67.04797048
-68.11524164
-69.00000000
-69.00000000
-68.08571429
-67.97080292
-67.51282051
-68.00000000
-68.00000000
-68.00000000
-67.45387454
-67.00000000
-66.89298893
-66.47014925
-66.21167883
-66.00000000
-66.00000000
-65.57875458
-66.00000000
-66.66666667
-66.48314607
-65.52398524
-65.31046931
-65.80882353
-66.00000000
-65.80442804
-65.98534799
-66.00000000
-66.89743590
-67.00000000
-67.39560440
-67.44029851
-66.18181818
-65.47970480
-66.00000000
-65.47407407
-65.45421245
-65.40441176
-65.24354244
-65.78731343
-66.00000000
-66.00000000
-66.00000000
-66.20512821
-66.10622711
-66.11313869
-66.00000000
-65.28044280
-65.88847584
-65.59259259
-65.26102941
-65.40370370
-65.63043478
-65.00000000
-64.63059701
-64.31501832
-65.00000000
-65.51838235
-65.07835821
-65.43956044
-65.00000000
-65.00000000
-65.43223443
-65.09191176
-64.35272727
-64.00000000
-64.00000000
-64.30483271
-65.00000000
-65.00757576
-66.00000000
-66.00000000
-66.00000000
-65.78966790
-66.00000000
-66.00000000
-66.00000000
-66.00000000
-65.23616236
-65.00000000
-65.35531136
-66.00000000
-66.63099631
-66.00000000
-66.00000000
-65.68750000
-65.18081181
-65.67153285
-66.21691176
-67.00000000
-66.04460967
-65.50922509
-64.65682657
-63.28676471
-63.00000000
-63.00000000
-63.80297398
-64.00000000
-64.00000000
-64.00000000
-64.00000000
-63.53159851
-62.68401487
-62.00000000
-62.54945055
-63.17647059
-64.00000000
-63.91111111
-63.00000000
-63.32720588
-64.37818182
-64.87453875
-63.80656934
-63.00000000
-63.00000000
-63.00000000
-63.22222222
-64.48175182
-65.00000000
-64.31135531
-62.54379562
-62.00000000
-62.00000000
-62.00000000
-62.00000000
-62.23897059
-63.00000000
-63.00000000
-63.00000000
-63.00000000
-63.00000000
-63.00000000
-62.85608856
-62.50915751
-63.00000000
-63.00000000
-63.00000000
-63.00000000
-63.00000000
-63.00000000
-63.50370370
-64.00000000
-64.41391941
-65.00000000
-64.25830258
-63.39416058
-63.00000000
-63.00000000
-63.78102190
-64.00000000
-64.89743590
-65.00000000
-65.00000000
-65.00000000
-65.00000000
-65.00000000
-65.00000000
-65.00000000
-65.00000000
-65.00000000
-65.00000000
-65.00000000
-65.00000000
-65.00000000
-65.00000000
-65.00000000
-65.00000000
-65.00000000
-65.10526316
-65.57677903
-66.00000000
-65.51094891
-65.00000000
-64.18248175
-64.00000000
-64.10218978
-64.95970696
-67.06137184
-69.09594096
-69.46376812
-69.89090909
-70.00000000
-77.00000000
-77.00000000
-77.00000000
-77.00000000
-76.47179487
-75.81042654
-75.15000000
-75.27184466
-75.34146341
-74.00000000
-74.08374384
-73.57073171
-73.10294118
-72.10945274
-71.49735450
-71.00000000
-71.00000000
-71.00000000
-71.09900990
-70.37500000
-71.00000000
-71.95566502
-72.27184466
-73.20975610
-73.10194175
-73.97536946
-74.63800905
-76.39436620
-76.00000000
-77.33165829
-77.85507246
-78.00000000
-78.92039801
-81.03883495
-81.55665025
-82.00000000
-81.28426396
-80.12745098
-78.89473684
-78.00000000
-76.95098039
-76.53170732
-76.00000000
-76.27941176
-77.00000000
-76.24137931
-79.00000000
-78.43096234
-78.00000000
-78.44186047
-79.67336683
-78.00000000
-79.52606635
-80.00000000
-80.00000000
-80.05181347
-69.22689076
-68.56250000
-67.00000000
-66.03381643
-65.09134615
-62.98086124
-61.67605634
-61.00000000
-62.34597156
-64.85167464
-67.84285714
-70.26794258
-73.43062201
-74.92890995
-75.22380952
-75.97183099
-77.64563107
-79.00000000
-76.28879310
-65.73443983
-69.14000000
-75.08920188
-80.30456853
-80.18894009
-80.02739726
-81.37688442
-82.00000000
-79.34782609
-78.15533981
-77.93518519
-76.66666667
-76.00000000
-76.02336449
-77.49268293
-78.00000000
-78.00000000
-77.62441315
-76.88095238
-76.00000000
-75.96774194
-75.09502262
-76.47441860
-78.68571429
-79.53588517
-77.49302326
-74.29857820
-74.14485981
-74.79908676
-73.55276382
-73.00000000
-71.61320755
-70.14746544
-71.40654206
-74.23502304
-73.76168224
-72.20754717
-70.41121495
-68.60849057
-69.18433180
-72.50000000
-75.92523364
-78.69230769
-79.00000000
-66.59447005
-70.41013825
-79.75781250
-71.61600000
-57.77981651
-56.34545455
-55.11009174
-53.11848341
-53.00938967
-56.82110092
-60.51923077
-62.00000000
-62.71162791
-66.24186047
-69.15740741
-71.91666667
-67.28061224
-73.06103286
-75.93809524
-77.79904306
-79.28977273
-80.00000000
-73.50869565
-78.60500000
-79.00000000
-56.30864198
-54.25943396
-50.92982456
-47.36312849
-47.00000000
-49.06862745
-54.87782805
-58.37438424
-60.91037736
-63.55288462
-66.33649289
-68.79807692
-69.68095238
-70.65137615
-71.75845411
-71.52571429
-64.52884615
-67.22115385
-68.78095238
-71.25603865
-72.89473684
-74.42156863
-76.52912621
-80.04368932
-81.96428571
-69.53669725
-70.67256637
-73.56542056
-77.24170616
-80.02906977
-81.00000000
-73.52422907
-72.12851406
-77.02702703
-79.00000000
-63.92452830
-61.06926407
-62.00000000
-64.49763033
-68.59330144
-72.56666667
-75.25242718
-76.00000000
-76.00000000
-76.00000000
-76.00000000
-75.45023697
-75.00000000
-75.15458937
-76.00000000
-76.00000000
-75.57894737
-76.48543689
-78.49047619
-80.00000000
-63.20707071
-52.63673469
-52.00000000
-51.30188679
-47.38888889
-44.39047619
-46.53080569
-51.84688995
-56.84905660
-59.97209302
-62.30046948
-63.80751174
-65.36492891
-67.02415459
-68.46305419
-69.74038462
-70.80555556
-72.39523810
-74.19339623
-75.57641921
-74.39000000
-47.04000000
-50.79807692
-53.02392344
-56.41904762
-59.45833333
-61.56796117
-62.78672986
-64.05633803
-65.88372093
-67.78217822
-70.62679426
-72.50000000
-75.22705314
-76.00000000
-76.00000000
-76.00000000
-76.00000000
-76.00000000
-76.00000000
-76.00000000
-76.00000000
-66.01526718
-65.86343612
-67.10144928
-66.79710145
-66.52657005
-66.79425837
-66.51470588
-68.23589744
-72.06310680
-74.15566038
-75.11059908
-76.91441441
-78.00000000
-76.69162996
-75.71014493
-75.99043062
-75.00000000
-73.98378378
-71.44907407
-74.45497630
-77.72906404
-79.38461538
-80.00000000
-61.77232143
-61.41626794
-62.82938389
-64.14832536
-65.30049261
-66.00000000
-66.54128440
-67.92165899
-68.10045662
-67.37142857
-68.03755869
-68.90047393
-69.00000000
-68.03365385
-67.08920188
-66.78538813
-67.00000000
-67.25714286
-68.73831776
-70.64516129
-72.34246575
-74.16431925
-77.61764706
-79.73983740
-72.64166667
-61.84112150
-66.02403846
-71.92344498
-76.11111111
-78.00000000
-78.53500000
-79.00000000
-76.47286822
-67.99563319
-65.78468900
-66.95754717
-66.83962264
-66.26066351
-68.07142857
-69.00000000
-69.63033175
-69.00000000
-69.52830189
-70.22705314
-71.25980392
-71.54450262
-71.18018018
-65.21860465
-63.53881279
-61.76170213
-62.38636364
-61.85779817
-61.46788991
-58.88532110
-54.70813397
-53.33653846
-48.21698113
-50.53023256
-61.88372093
-74.00000000
-78.37288136
-73.87698413
-64.72767857
-66.72037915
-65.78217822
-63.12903226
-63.89671362
-67.93427230
-71.65094340
-77.15075377
-79.87407407
-73.46963563
-59.77727273
-59.95196507
-64.18396226
-70.46445498
-75.69856459
-79.63101604
-80.00000000
-54.50000000
-52.85964912
-50.87500000
-48.03286385
-44.68246445
-42.89047619
-68.68108108
-68.30882353
-67.64454976
-65.31858407
-61.52511416
-59.59154930
-60.28985507
-62.65402844
-66.71014493
-68.87500000
-69.63809524
-72.34449761
-77.15962441
-80.87050360
-81.00000000
-73.46564885
-72.94761905
-72.00000000
-70.82608696
-65.54854369
-64.86956522
-68.12206573
-78.47643979
-83.08771930
-83.42553191
-72.17391304
-69.95431472
-70.66190476
-72.98557692
-75.40384615
-79.30851064
-80.51612903
-82.34285714
-83.00000000
-82.67500000
-82.00000000
-81.18018018
-81.56796117
-81.46376812
-81.36574074
-81.15887850
-81.00000000
-81.00000000
-81.20673077
-80.46632124
-80.00000000
-80.79523810
-81.00000000
-81.00000000
-81.76036866
-82.73611111
-83.66666667
-83.53588517
-83.83823529
-83.42583732
-84.00000000
-83.13875598
-83.00000000
-83.00000000
-83.73706897
-84.00000000
-84.00000000
-84.00000000
-84.00000000
-83.88938053
-83.00917431
-83.00000000
-83.00000000
-83.42519685
-63.40588235
-63.27188940
-67.34928230
-73.06043956
-74.73873874
-75.00000000
-75.87727273
-77.42081448
-78.00000000
-78.39896373
-79.72432432
-80.00000000
-80.00000000
-80.00000000
-80.00000000
-80.00000000
-80.00000000
-80.00000000
-80.00000000
-80.00000000
-80.00000000
-80.00000000
-80.00000000
-80.00000000
-73.93577982
-70.44859813
-70.00000000
-69.41626794
-67.09708738
-65.29577465
-66.93203883
-70.78095238
-75.19512195
-78.40099010
-79.80620155
-78.41125541
-69.71836735
-69.56000000
-70.21596244
-72.05140187
-73.87264151
-76.18894009
-78.65425532
-80.00000000
-80.00000000
-80.00000000
-80.00000000
-80.00000000
-80.00000000
-80.00000000
-67.25000000
-63.38693467
-64.93103448
-64.71232877
-66.94607843
-65.89371981
-62.38647343
-64.58454106
-67.24500000
-67.23474178
-71.65853659
-79.96728972
-83.84065934
-85.00000000
-82.95652174
-81.16417910
-82.00000000
-79.02100840
-73.80578512
-73.39215686
-73.31100478
-73.61057692
-74.73170732
-76.00000000
-76.00000000
-76.00000000
-78.25830258
-82.00000000
-82.00000000
-82.09589041
-83.35789474
-83.00000000
-83.00000000
-77.26400000
-62.52205882
-60.00000000
-61.20547945
-63.59459459
-65.76744186
-66.00000000
-65.78773585
-66.00000000
-66.04166667
-69.30000000
-71.53456221
-73.49765258
-73.89573460
-75.00000000
-76.14563107
-77.59241706
-77.61643836
-77.74178404
-78.55208333
-79.00000000
-70.14227642
-67.56783920
-68.89453125
-67.39719626
-65.89523810
-63.78571429
-60.85238095
-57.34615385
-57.44285714
-61.26570048
-66.02336449
-70.20187793
-71.79523810
-73.00000000
-73.14832536
-74.85046729
-76.59433962
-77.00000000
-77.00000000
-74.71657754
-69.49519231
-70.59715640
-70.00000000
-70.00000000
-59.00000000
-59.00000000
-59.78217822
-60.30541872
-59.04347826
-56.91584158
-56.60098522
-56.56603774
-56.10731707
-54.37438424
-50.78894472
-48.83582090
-49.31034483
-51.99029126
-53.66341463
-55.31818182
-59.12254902
-62.33980583
-64.71921182
-68.30331754
-71.43137255
-73.12918660
-74.41545894
-75.67961165
-77.48292683
-79.18131868
-80.00000000
-72.76569038
-63.54629630
-62.07009346
-61.44549763
-61.91203704
-63.98591549
-67.55399061
-70.54205607
-73.39512195
-74.88349515
-76.89903846
-78.00000000
-78.00000000
-77.61009174
-62.51965066
-59.57851240
-55.03759398
-58.05691057
-58.38983051
-55.00000000
-60.73504274
-65.71296296
-70.28037383
-73.84848485
-79.30081301
-81.00000000
-76.81176471
-79.65853659
-80.00000000
-80.00000000
-80.00000000
-63.33333333
-70.86772487
-76.49746193
-79.88405797
-69.80327869
-55.58851675
-57.50000000
-59.64593301
-59.87378641
-57.15609756
-55.88349515
-56.80861244
-54.80476190
-54.00000000
-55.18571429
-58.25118483
-60.38461538
-61.00000000
-62.09952607
-64.23902439
-66.39810427
-67.30582524
-70.27619048
-73.44230769
-76.18932039
-78.47692308
-79.92857143
-76.68571429
-74.62500000
-71.98198198
-63.76076555
-60.27522936
-57.70388350
-59.02380952
-63.55339806
-68.02475248
-71.66666667
-75.43627451
-79.42076503
-80.00000000
-68.51063830
-61.11715481
-62.09677419
-63.90654206
-68.35944700
-71.82096070
-75.01801802
-66.48022599
-64.64114833
-64.49528302
-63.79523810
-65.16346154
-68.79807692
-70.79904306
-74.17307692
-78.20634921
-78.80861244
-78.00000000
-66.00000000
-66.00000000
-66.00000000
-66.00000000
-65.65765766
-63.20425532
-63.55462185
-65.54330709
-67.79607843
-67.57723577
-66.03088803
-65.30620155
-65.47528517
-65.81851852
-66.71641791
-66.32363636
-64.63537906
-63.03558719
-62.00000000
-62.18531469
-63.60070671
-65.20422535
-64.64335664
-64.10452962
-63.89310345
-65.08275862
-67.30034130
-70.11724138
-72.11971831
-72.94463668
-72.74125874
-71.71724138
-68.41258741
-66.00000000
-63.40972222
-60.85614035
-60.31118881
-60.00000000
-59.79225352
-61.56537102
-65.30069930
-67.14736842
-68.83859649
-70.15277778
-72.08247423
-75.47781570
-78.30208333
-79.66666667
-80.00000000
-70.95033113
-69.77173913
-74.57092199
-75.14184397
-76.94140625
-78.99052133
-71.68709677
-72.01045296
-74.34875445
-77.01413428
-77.42756184
-77.00000000
-77.00000000
-77.00000000
-77.00000000
-73.60784314
-70.22826087
-70.00000000
-68.75618375
-67.47368421
-67.00000000
-65.94097222
-67.68055556
-71.18661972
-70.59375000
-68.11971831
-67.27112676
-68.00000000
-67.68641115
-68.35664336
-72.12714777
-75.52249135
-74.07317073
-71.21754386
-71.00000000
-69.46853147
-65.02482270
-62.13475177
-63.73591549
-64.53571429
-63.77580071
-62.93639576
-61.87900356
-60.51470588
-58.96466431
-58.00000000
-57.73851590
-56.56643357
-54.93309859
-55.19230769
-57.73943662
-59.11929825
-59.59027778
-59.42348754
-61.13541667
-66.65263158
-69.96515679
-70.00000000
-71.47569444
-75.28321678
-78.55434783
-79.00000000
-79.00000000
-79.00000000
-79.00000000
-79.00000000
-79.00000000
-79.00000000
-79.00000000
-76.20000000
-71.91428571
-71.93869732
-71.46931408
-72.17204301
-73.33096085
-74.73404255
-74.34926471
-74.34716981
-74.36397059
-75.31294964
-76.30824373
-75.87545788
-75.40145985
-76.45878136
-76.38267148
-75.63571429
-73.41635688
-71.19101124
-69.46043165
-69.00000000
-68.44086022
-68.00000000
-68.00000000
-68.00000000
-68.00000000
-68.00000000
-68.70072993
-69.25274725
-70.00000000
-70.00000000
-69.77617329
-69.48920863
-70.00000000
-70.00000000
-70.55956679
-70.79272727
-70.00000000
-70.00000000
-70.00000000
-69.55555556
-69.09057971
-70.00000000
-69.68571429
-68.42446043
-68.11827957
-69.38515901
-70.00000000
-70.00000000
-70.00000000
-70.10357143
-71.58156028
-73.41218638
-74.08928571
-73.13028169
-73.00000000
-73.00000000
-72.68458781
-72.00000000
-72.00000000
-72.00000000
-72.00000000
-72.00000000
-72.00000000
-72.95323741
-74.10507246
-74.00000000
-73.08480565
-73.87410072
-74.51760563
-75.00000000
-75.00000000
-75.00000000
-75.00000000
-75.00000000
-75.00000000
-75.00000000
-75.00000000
-75.00000000
-75.00000000
-75.96750903
-76.00000000
-75.21897810
-74.89928058
-73.20848057
-71.83214286
-71.90613718
-72.00000000
-72.40213523
-73.46236559
-74.00000000
-74.00000000
-74.00000000
-74.00000000
-74.00000000
-73.07420495
-72.95390071
-72.94306050
-72.73118280
-72.00000000
-72.00000000
-72.00000000
-71.80141844
-71.00000000
-70.16129032
-69.00000000
-69.00000000
-69.00000000
-69.00000000
-68.48936170
-68.00000000
-68.00000000
-68.00000000
-68.00000000
-68.00000000
-68.13919414
-69.00000000
-68.74181818
-68.00000000
-68.00000000
-68.53818182
-69.18505338
-70.00000000
-70.30935252
-70.84172662
-70.00000000
