-51.50000000
-47.00000000
-50.16666667
-46.83333333
-49.00000000
-49.50000000
-50.33333333
-48.33333333
-48.16666667
-48.33333333
-50.00000000
-47.33333333
-50.00000000
-48.50000000
-49.16666667
-48.16666667
-48.00000000
-49.16666667
-48.00000000
-48.50000000
-48.66666667
-48.50000000
-50.83333333
-45.83333333
-50.16666667
-47.16666667
-50.00000000
-49.66666667
-48.16666667
-48.16666667
-50.16666667
-47.33333333
-50.50000000
-48.33333333
-48.16666667
-51.66666667
-47.16666667
-51.00000000
-48.00000000
-49.00000000
-48.16666667
-48.16666667
-49.50000000
-47.83333333
-48.50000000
-49.33333333
-47.33333333
-49.33333333
-48.33333333
-48.00000000
-51.50000000
-51.50000000
-51.25000000
-51.75000000
-51.75000000
-47.75000000
-51.75000000
-51.00000000
-49.50000000
-50.00000000
-52.75000000
-49.75000000
-49.50000000
-49.75000000
-52.00000000
-48.00000000
-52.75000000
-48.50000000
-52.00000000
-52.25000000
-49.25000000
-51.50000000
-49.25000000
-50.50000000
-49.75000000
-51.75000000
-49.75000000
-51.50000000
-51.25000000
-50.75000000
-50.25000000
-49.50000000
-51.50000000
-51.00000000
-50.00000000
-51.75000000
-51.50000000
-50.00000000
-50.00000000
-50.75000000
-48.25000000
-51.75000000
-48.00000000
-50.00000000
-49.50000000
-51.75000000
-49.75000000
-52.00000000
-51.00000000
-50.75000000
-51.00000000
-51.75000000
-52.00000000
-49.50000000
-51.50000000
-51.50000000
-51.50000000
-50.00000000
-51.00000000
-50.75000000
-48.50000000
-51.25000000
-49.50000000
-52.25000000
-48.00000000
-51.00000000
-51.25000000
-52.25000000
-48.25000000
-51.75000000
-50.00000000
-51.00000000
-51.75000000
-51.50000000
-50.00000000
-51.33333333
-51.00000000
-51.66666667
-51.00000000
-51.33333333
-51.66666667
-52.00000000
-51.33333333
-51.33333333
-51.66666667
-51.66666667
-51.66666667
-51.00000000
-52.00000000
-51.00000000
-50.66666667
-51.66666667
-51.66666667
-51.33333333
-52.00000000
-52.00000000
-51.33333333
-51.33333333
-52.00000000
-50.66666667
-51.66666667
-51.33333333
-52.00000000
-51.33333333
-51.00000000
-52.33333333
-52.33333333
-51.00000000
-51.00000000
-51.66666667
-52.00000000
-51.33333333
-51.66666667
-52.00000000
-51.33333333
-51.66666667
-51.66666667
-51.33333333
-51.00000000
-52.33333333
-52.00000000
-51.66666667
-51.66666667
-51.66666667
-51.66666667
-51.00000000
-51.00000000
-52.33333333
-51.00000000
-51.33333333
-51.66666667
-51.00000000
-51.00000000
-51.33333333
-51.33333333
-51.66666667
-51.33333333
-51.00000000
-52.00000000
-51.33333333
-52.66666667
-51.66666667
-51.33333333
-51.66666667
-51.33333333
-51.33333333
-51.33333333
-51.00000000
-51.33333333
-51.33333333
-51.00000000
-51.33333333
-50.66666667
-51.33333333
-51.66666667
-52.00000000
-51.00000000
-51.00000000
-51.66666667
-51.00000000
-51.00000000
-52.33333333
-51.33333333
-51.33333333
-51.66666667
-51.66666667
-51.66666667
-51.66666667
-51.66666667
-51.33333333
-51.66666667
-51.33333333
-51.33333333
-51.33333333
-51.66666667
-53.00000000
-52.00000000
-51.50000000
-51.50000000
-51.50000000
-52.00000000
-51.50000000
-52.50000000
-51.50000000
-51.50000000
-51.00000000
-51.50000000
-51.00000000
-52.50000000
-52.50000000
-51.00000000
-51.00000000
-52.00000000
-51.00000000
-52.50000000
-51.50000000
-52.00000000
-51.00000000
-51.00000000
-51.50000000
-51.50000000
-50.50000000
-51.50000000
-52.50000000
-50.50000000
-52.50000000
-53.50000000
-51.00000000
-51.00000000
-51.50000000
-51.00000000
-51.00000000
-50.00000000
-52.00000000
-51.00000000
-51.00000000
-52.50000000
-51.50000000
-51.00000000
-51.50000000
-52.50000000
-52.00000000
-51.00000000
-51.50000000
-52.00000000
-52.00000000
-52.00000000
-51.50000000
-52.00000000
-51.50000000
-52.00000000
-51.00000000
-52.50000000
-51.00000000
-51.00000000
-52.00000000
-51.50000000
-51.50000000
-51.50000000
-51.50000000
-51.00000000
-51.00000000
-51.00000000
-50.50000000
-52.00000000
-51.50000000
-51.00000000
-51.50000000
-52.50000000
-52.00000000
-51.00000000
-51.50000000
-51.00000000
-51.00000000
-52.50000000
-51.50000000
-51.00000000
-51.50000000
-51.50000000
-51.50000000
-53.00000000
-51.50000000
-51.00000000
-51.50000000
-52.00000000
-50.50000000
-50.50000000
-51.50000000
-51.00000000
-52.50000000
-51.00000000
-52.00000000
-52.00000000
-52.00000000
-51.50000000
-51.50000000
-51.50000000
-51.50000000
-51.00000000
-52.00000000
-51.00000000
-52.00000000
-50.50000000
-52.00000000
-50.50000000
-51.00000000
-51.00000000
-51.50000000
-52.00000000
-53.00000000
-52.00000000
-51.00000000
-52.00000000
-52.50000000
-52.00000000
-51.00000000
-52.50000000
-52.50000000
-51.00000000
-52.00000000
-50.50000000
-51.50000000
-51.50000000
-51.50000000
-51.50000000
-50.50000000
-51.50000000
-52.50000000
-52.00000000
-51.50000000
-52.00000000
-51.00000000
-51.00000000
-51.50000000
-52.00000000
-51.50000000
-51.50000000
-52.50000000
-51.00000000
-52.00000000
-51.00000000
-52.00000000
-51.50000000
-51.50000000
-51.50000000
-50.00000000
-46.00000000
-50.33333333
-46.33333333
-50.00000000
-46.00000000
-51.00000000
-45.83333333
-50.16666667
-46.83333333
-49.33333333
-49.33333333
-47.00000000
-48.66666667
-47.33333333
-50.16666667
-47.16666667
-50.16666667
-49.83333333
-47.33333333
-49.00000000
-47.83333333
-48.33333333
-48.33333333
-48.00000000
-49.83333333
-49.66666667
-50.50000000
-45.83333333
-49.83333333
-47.83333333
-49.16666667
-48.16666667
-49.33333333
-46.83333333
-50.16666667
-48.33333333
-48.00000000
-49.16666667
-48.66666667
-49.50000000
-47.00000000
-48.83333333
-48.83333333
-48.16666667
-48.16666667
-48.83333333
-49.50000000
-47.66666667
-50.50000000
-51.50000000
-51.50000000
-48.00000000
-51.25000000
-51.00000000
-50.75000000
-48.25000000
-48.75000000
-50.00000000
-50.00000000
-51.50000000
-49.75000000
-47.75000000
-51.50000000
-50.00000000
-49.25000000
-50.00000000
-49.75000000
-49.75000000
-50.00000000
-50.25000000
-52.00000000
-47.75000000
-50.75000000
-48.50000000
-51.25000000
-51.50000000
-49.25000000
-50.00000000
-46.75000000
-51.50000000
-48.00000000
-50.00000000
-49.75000000
-49.25000000
-51.25000000
-52.25000000
-48.50000000
-51.75000000
-46.50000000
-49.50000000
-48.00000000
-50.00000000
-50.75000000
-50.00000000
-51.00000000
-49.75000000
-49.75000000
-51.75000000
-62.48017428
-51.25000000
-51.00000000
-48.00000000
-49.75000000
-51.00000000
-50.50000000
-49.25000000
-49.50000000
-51.25000000
-49.25000000
-48.00000000
-49.75000000
-52.00000000
-49.25000000
-52.00000000
-47.75000000
-49.50000000
-49.75000000
-50.00000000
-50.50000000
-51.75000000
-49.50000000
-48.25000000
-49.75000000
-50.00000000
-50.66666667
-50.33333333
-52.00000000
-51.66666667
-52.33333333
-51.66666667
-52.00000000
-51.66666667
-51.00000000
-51.66666667
-50.66666667
-51.00000000
-50.66666667
-52.66666667
-52.33333333
-52.00000000
-50.66666667
-51.00000000
-51.33333333
-51.33333333
-51.66666667
-52.00000000
-50.33333333
-51.66666667
-50.66666667
-50.33333333
-52.00000000
-50.66666667
-51.33333333
-51.33333333
-51.33333333
-51.00000000
-51.00000000
-51.66666667
-50.66666667
-51.33333333
-51.33333333
-51.00000000
-51.33333333
-51.33333333
-50.33333333
-52.00000000
-51.33333333
-50.33333333
-50.66666667
-51.66666667
-51.00000000
-51.33333333
-51.66666667
-51.00000000
-51.66666667
-50.66666667
-52.33333333
-51.66666667
-50.66666667
-50.66666667
-51.33333333
-51.33333333
-51.66666667
-51.00000000
-51.33333333
-50.66666667
-51.66666667
-51.66666667
-51.33333333
-51.33333333
-51.66666667
-52.00000000
-51.33333333
-51.00000000
-50.66666667
-51.00000000
-50.66666667
-52.00000000
-51.00000000
-51.00000000
-51.00000000
-50.66666667
-51.66666667
-50.66666667
-51.00000000
-50.66666667
-51.00000000
-50.00000000
-50.33333333
-51.66666667
-51.00000000
-51.66666667
-51.00000000
-50.33333333
-51.33333333
-51.00000000
-51.00000000
-51.33333333
-52.33333333
-51.66666667
-51.33333333
-51.33333333
-51.00000000
-52.00000000
-50.00000000
-51.00000000
-51.00000000
-50.50000000
-51.00000000
-51.00000000
-51.50000000
-50.50000000
-51.00000000
-51.00000000
-51.50000000
-52.50000000
-51.00000000
-52.00000000
-51.50000000
-51.00000000
-51.00000000
-52.50000000
-51.00000000
-51.00000000
-51.00000000
-50.50000000
-51.50000000
-51.00000000
-51.00000000
-53.00000000
-51.00000000
-51.00000000
-51.00000000
-51.00000000
-50.00000000
-51.00000000
-52.00000000
-52.00000000
-52.00000000
-52.50000000
-51.50000000
-51.00000000
-51.50000000
-51.50000000
-51.00000000
-51.00000000
-51.00000000
-50.50000000
-51.00000000
-50.50000000
-52.00000000
-50.50000000
-50.50000000
-51.00000000
-50.50000000
-52.50000000
-51.50000000
-51.00000000
-51.50000000
-52.00000000
-51.00000000
-51.50000000
-53.00000000
-50.00000000
-51.50000000
-51.50000000
-51.00000000
-50.50000000
-51.50000000
-51.00000000
-52.00000000
-50.50000000
-51.50000000
-52.00000000
-51.50000000
-52.00000000
-50.00000000
-51.00000000
-52.00000000
-51.00000000
-51.50000000
-51.50000000
-51.50000000
-51.50000000
-52.50000000
-51.00000000
-53.00000000
-51.50000000
-51.50000000
-51.00000000
-51.50000000
-51.50000000
-50.50000000
-51.00000000
-52.00000000
-52.00000000
-50.50000000
-51.00000000
-52.00000000
-51.00000000
-52.00000000
-51.00000000
-53.50000000
-51.00000000
-51.00000000
-53.00000000
-52.00000000
-50.50000000
-51.00000000
-51.00000000
-52.00000000
-51.50000000
-51.50000000
-51.00000000
-51.00000000
-51.50000000
-51.00000000
-52.50000000
-50.00000000
-50.50000000
-51.00000000
-50.50000000
-51.00000000
-53.00000000
-52.00000000
-51.00000000
-50.50000000
-51.50000000
-51.00000000
-52.00000000
-51.50000000
-52.00000000
-52.00000000
-51.00000000
-51.00000000
-51.00000000
-50.50000000
-51.50000000
-51.50000000
-51.50000000
-51.50000000
-52.00000000
-50.50000000
-50.50000000
-51.00000000
-51.00000000
-51.00000000
-51.50000000
-50.50000000
-51.50000000
-51.50000000
-51.50000000
-51.00000000
-51.00000000
-46.83333333
-49.16666667
-46.83333333
-49.33333333
-47.00000000
-49.33333333
-46.83333333
-49.66666667
-46.83333333
-49.00000000
-47.33333333
-49.00000000
-47.00000000
-49.00000000
-47.33333333
-49.00000000
-48.00000000
-47.83333333
-48.83333333
-47.33333333
-49.00000000
-47.33333333
-49.00000000
-47.50000000
-49.50000000
-46.83333333
-49.33333333
-47.33333333
-49.66666667
-47.00000000
-49.16666667
-46.66666667
-49.16666667
-47.16666667
-49.00000000
-47.50000000
-49.16666667
-47.00000000
-50.16666667
-48.50000000
-47.83333333
-48.00000000
-48.16666667
-48.66666667
-48.00000000
-48.33333333
-48.00000000
-49.00000000
-46.66666667
-49.00000000
-47.50000000
-51.00000000
-51.75000000
-46.50000000
-51.00000000
-48.50000000
-48.50000000
-51.25000000
-48.00000000
-51.75000000
-48.25000000
-48.25000000
-51.25000000
-62.69316234
-51.50000000
-49.50000000
-49.00000000
-49.75000000
-48.00000000
-50.25000000
-49.25000000
-49.75000000
-51.25000000
-48.00000000
-50.25000000
-48.50000000
-49.75000000
-49.75000000
-48.00000000
-51.00000000
-48.25000000
-48.00000000
-49.50000000
-51.00000000
-48.25000000
-49.25000000
-47.50000000
-49.50000000
-50.75000000
-48.00000000
-51.50000000
-48.00000000
-51.00000000
-50.00000000
-49.75000000
-48.00000000
-48.50000000
-49.75000000
-48.75000000
-51.00000000
-47.75000000
-50.00000000
-48.50000000
-49.75000000
-50.00000000
-51.75000000
-49.50000000
-51.25000000
-46.75000000
-49.50000000
-47.75000000
-50.00000000
-50.25000000
-49.75000000
-48.00000000
-49.50000000
-49.50000000
-49.75000000
-49.25000000
-51.75000000
-48.00000000
-49.00000000
-49.50000000
-47.75000000
-51.75000000
-51.66666667
-51.00000000
-51.00000000
-51.33333333
-52.00000000
-51.66666667
-51.66666667
-51.33333333
-51.00000000
-51.33333333
-51.66666667
-51.33333333
-51.00000000
-51.66666667
-51.33333333
-51.00000000
-51.66666667
-51.66666667
-52.00000000
-51.00000000
-51.33333333
-51.33333333
-52.00000000
-51.66666667
-52.00000000
-52.00000000
-51.00000000
-51.66666667
-52.33333333
-52.00000000
-51.66666667
-50.33333333
-51.33333333
-51.33333333
-52.00000000
-51.66666667
-51.66666667
-52.00000000
-51.66666667
-51.00000000
-51.33333333
-51.66666667
-52.00000000
-52.00000000
-51.66666667
-51.66666667
-52.00000000
-51.66666667
-51.00000000
-51.00000000
-51.00000000
-52.00000000
-52.00000000
-50.66666667
-50.66666667
-51.33333333
-50.66666667
-50.66666667
-48.66666667
-51.33333333
-50.33333333
-51.00000000
-50.66666667
-51.66666667
-50.33333333
-51.00000000
-50.66666667
-52.33333333
-49.00000000
-51.33333333
-50.66666667
-51.33333333
-51.33333333
-51.33333333
-51.00000000
-51.00000000
-51.33333333
-50.33333333
-52.33333333
-51.00000000
-51.33333333
-50.66666667
-51.00000000
-51.00000000
-51.66666667
-50.66666667
-52.00000000
-51.00000000
-51.00000000
-50.33333333
-51.66666667
-51.66666667
-51.66666667
-52.00000000
-52.00000000
-52.33333333
-51.33333333
-51.33333333
-51.66666667
-51.33333333
-52.00000000
-52.50000000
-51.00000000
-52.50000000
-50.50000000
-50.00000000
-51.50000000
-50.50000000
-52.00000000
-50.50000000
-51.00000000
-53.00000000
-51.50000000
-50.50000000
-51.00000000
-50.50000000
-50.50000000
-51.50000000
-52.00000000
-52.50000000
-50.50000000
-51.50000000
-50.50000000
-52.00000000
-51.00000000
-50.50000000
-52.50000000
-52.00000000
-51.00000000
-51.00000000
-52.50000000
-50.50000000
-51.50000000
-52.50000000
-52.00000000
-52.00000000
-50.50000000
-51.00000000
-51.00000000
-51.00000000
-52.00000000
-52.50000000
-52.00000000
-52.00000000
-51.50000000
-51.00000000
-50.50000000
-52.00000000
-51.50000000
-50.00000000
-51.00000000
-51.00000000
-50.00000000
-51.00000000
-51.00000000
-50.50000000
-51.00000000
-51.00000000
-51.00000000
-51.50000000
-51.50000000
-51.00000000
-51.50000000
-51.50000000
-52.50000000
-52.00000000
-50.00000000
-50.50000000
-50.50000000
-51.00000000
-51.00000000
-51.50000000
-50.50000000
-51.00000000
-50.50000000
-51.00000000
-51.50000000
-51.00000000
-51.00000000
-52.00000000
-50.50000000
-51.00000000
-51.00000000
-51.00000000
-51.50000000
-52.50000000
-51.00000000
-51.00000000
-52.00000000
-51.00000000
-50.50000000
-53.00000000
-51.50000000
-51.00000000
-50.50000000
-50.50000000
-51.50000000
-50.50000000
-51.50000000
-50.50000000
-51.00000000
-51.50000000
-51.50000000
-51.00000000
-50.50000000
-52.50000000
-50.50000000
-51.50000000
-51.00000000
-52.50000000
-52.50000000
-51.00000000
-50.50000000
-51.00000000
-51.00000000
-51.00000000
-51.50000000
-51.00000000
-51.50000000
-50.00000000
-51.50000000
-50.50000000
-51.00000000
-51.50000000
-51.50000000
-51.00000000
-51.50000000
-50.50000000
-52.00000000
-51.00000000
-50.50000000
-50.50000000
-50.50000000
-51.00000000
-51.50000000
-51.00000000
-52.00000000
-53.00000000
-52.00000000
-52.00000000
-50.50000000
-51.00000000
-50.50000000
-51.00000000
-51.50000000
-51.00000000
-51.00000000
-50.50000000
-51.00000000
-50.00000000
-47.00000000
-48.16666667
-48.16666667
-48.00000000
-47.83333333
-48.50000000
-48.16666667
-47.83333333
-48.00000000
-47.00000000
-48.83333333
-47.33333333
-49.00000000
-47.00000000
-49.16666667
-47.00000000
-48.66666667
-47.16666667
-49.16666667
-47.00000000
-49.66666667
-47.50000000
-47.50000000
-49.50000000
-47.33333333
-49.16666667
-46.83333333
-50.16666667
-47.00000000
-49.66666667
-46.00000000
-50.33333333
-56.07292387
-51.16666667
-60.15059483
-52.00000000
-57.33750124
-51.50000000
-58.74817613
-51.83333333
-56.00587925
-51.66666667
-57.23291902
-51.66666667
-60.49442313
-51.33333333
-54.20012490
-50.33333333
-45.83333333
-50.66666667
-49.75000000
-51.25000000
-48.00000000
-51.25000000
-46.50000000
-49.00000000
-46.50000000
-50.00000000
-49.75000000
-50.50000000
-49.50000000
-50.00000000
-48.00000000
-51.00000000
-49.50000000
-48.25000000
-50.00000000
-48.00000000
-51.25000000
-48.00000000
-51.00000000
-48.75000000
-50.25000000
-48.25000000
-47.75000000
-48.00000000
-48.75000000
-50.25000000
-48.75000000
-50.00000000
-47.75000000
-51.25000000
-48.25000000
-50.00000000
-50.25000000
-46.75000000
-50.25000000
-46.25000000
-49.75000000
-50.00000000
-50.25000000
-46.50000000
-50.00000000
-48.25000000
-49.25000000
-48.25000000
-47.75000000
-51.50000000
-46.50000000
-50.00000000
-48.25000000
-51.50000000
-48.00000000
-51.50000000
-47.75000000
-51.75000000
-47.75000000
-50.00000000
-48.50000000
-49.75000000
-50.50000000
-48.25000000
-50.25000000
-48.25000000
-49.00000000
-48.00000000
-49.50000000
-46.50000000
-52.00000000
-47.00000000
-49.50000000
-50.75000000
-48.00000000
-48.00000000
-50.00000000
-51.66666667
-51.33333333
-51.00000000
-52.00000000
-52.33333333
-51.66666667
-48.33333333
-51.33333333
-51.00000000
-49.00000000
-51.33333333
-50.00000000
-51.33333333
-51.33333333
-51.33333333
-51.66666667
-49.33333333
-48.66666667
-51.33333333
-51.00000000
-52.00000000
-51.66666667
-51.33333333
-52.00000000
-50.66666667
-52.00000000
-52.00000000
-49.00000000
-51.33333333
-51.00000000
-52.00000000
-50.66666667
-51.66666667
-49.66666667
-52.00000000
-51.00000000
-51.00000000
-51.66666667
-51.66666667
-52.33333333
-51.33333333
-52.33333333
-52.33333333
-51.33333333
-51.66666667
-49.33333333
-52.00000000
-47.33333333
-48.66666667
-51.33333333
-51.00000000
-49.33333333
-51.33333333
-52.00000000
-51.66666667
-52.00000000
-51.00000000
-51.00000000
-52.33333333
-51.00000000
-49.00000000
-51.00000000
-52.33333333
-48.66666667
-49.00000000
-51.00000000
-51.33333333
-51.66666667
-53.00000000
-49.33333333
-51.66666667
-49.66666667
-48.66666667
-52.00000000
-51.33333333
-52.00000000
-49.00000000
-51.66666667
-51.66666667
-51.33333333
-51.66666667
-52.33333333
-51.33333333
-52.00000000
-51.33333333
-51.33333333
-51.66666667
-51.33333333
-51.00000000
-53.00000000
-50.33333333
-51.00000000
-52.00000000
-51.66666667
-51.66666667
-52.33333333
-53.00000000
-51.00000000
-51.33333333
-51.00000000
-51.00000000
-50.50000000
-51.50000000
-51.50000000
-51.50000000
-51.00000000
-52.50000000
-50.50000000
-51.50000000
-51.00000000
-52.50000000
-51.50000000
-50.50000000
-51.50000000
-52.00000000
-51.00000000
-51.50000000
-52.00000000
-51.00000000
-51.00000000
-51.50000000
-51.50000000
-51.00000000
-51.50000000
-51.50000000
-51.00000000
-51.50000000
-51.50000000
-51.50000000
-51.00000000
-51.50000000
-51.50000000
-51.00000000
-51.00000000
-52.00000000
-51.50000000
-51.50000000
-52.00000000
-51.50000000
-52.00000000
-50.50000000
-52.00000000
-51.00000000
-51.00000000
-52.00000000
-51.00000000
-52.00000000
-51.00000000
-52.00000000
-51.50000000
-51.50000000
-52.00000000
-50.50000000
-52.00000000
-50.50000000
-51.00000000
-51.00000000
-51.00000000
-52.00000000
-51.50000000
-51.00000000
-51.00000000
-52.50000000
-51.00000000
-51.00000000
-52.00000000
-52.00000000
-50.50000000
-51.50000000
-52.00000000
-51.50000000
-51.00000000
-52.00000000
-52.00000000
-50.50000000
-51.00000000
-51.50000000
-52.00000000
-51.50000000
-51.50000000
-51.00000000
-51.50000000
-51.50000000
-50.50000000
-50.50000000
-52.50000000
-51.50000000
-51.00000000
-52.50000000
-51.00000000
-50.50000000
-52.00000000
-52.00000000
-51.50000000
-52.00000000
-51.00000000
-52.00000000
-51.50000000
-51.50000000
-53.00000000
-51.00000000
-50.50000000
-52.00000000
-51.50000000
-51.00000000
-52.00000000
-52.00000000
-52.50000000
-51.50000000
-51.00000000
-52.00000000
-52.50000000
-52.00000000
-52.00000000
-51.50000000
-52.00000000
-52.50000000
-51.00000000
-51.00000000
-52.50000000
-52.50000000
-51.00000000
-52.00000000
-51.50000000
-52.50000000
-50.00000000
-52.00000000
-50.50000000
-52.00000000
-52.00000000
-53.00000000
-51.50000000
-51.50000000
-51.50000000
-51.50000000
-51.50000000
-51.50000000
-52.50000000
-50.50000000
-52.00000000
-50.00000000
-51.00000000
-51.50000000
-51.50000000
-50.50000000
-51.50000000
-51.00000000
-50.00000000
-52.50000000
-52.00000000
-49.83333333
-46.00000000
-49.83333333
-45.83333333
-50.50000000
-45.83333333
-47.50000000
-49.66666667
-47.00000000
-48.50000000
-48.00000000
-48.16666667
-48.50000000
-48.66666667
-48.33333333
-48.50000000
-48.83333333
-46.00000000
-50.66666667
-46.00000000
-50.16666667
-46.33333333
-48.16666667
-48.33333333
-47.16666667
-47.33333333
-49.50000000
-47.16666667
-49.50000000
-46.00000000
-49.00000000
-47.33333333
-49.16666667
-47.00000000
-48.16666667
-48.33333333
-47.33333333
-49.00000000
-47.16666667
-47.33333333
-48.16666667
-48.50000000
-46.16666667
-49.16666667
-47.33333333
-49.50000000
-47.66666667
-48.33333333
-48.00000000
-48.16666667
-50.75000000
-48.25000000
-48.50000000
-50.25000000
-46.50000000
-51.50000000
-46.75000000
-49.75000000
-46.25000000
-50.00000000
-48.50000000
-48.25000000
-48.25000000
-48.00000000
-50.50000000
-48.00000000
-49.00000000
-49.75000000
-50.25000000
-49.75000000
-48.25000000
-48.50000000
-49.50000000
-48.25000000
-50.25000000
-48.50000000
-49.50000000
-48.25000000
-50.00000000
-46.75000000
-50.75000000
-48.00000000
-48.50000000
-50.00000000
-51.50000000
-49.75000000
-46.75000000
-51.00000000
-48.25000000
-49.75000000
-46.75000000
-51.50000000
-48.25000000
-50.25000000
-46.50000000
-51.75000000
-58.60144028
-51.75000000
-47.75000000
-49.75000000
-49.75000000
-48.75000000
-48.50000000
-50.75000000
-48.50000000
-47.75000000
-49.00000000
-48.75000000
-50.00000000
-46.75000000
-52.25000000
-46.25000000
-51.00000000
-48.00000000
-49.50000000
-50.00000000
-48.25000000
-51.25000000
-46.75000000
-50.25000000
-46.75000000
-49.75000000
-47.00000000
-50.00000000
-46.50000000
-49.00000000
-49.66666667
-51.33333333
-51.66666667
-51.66666667
-53.33333333
-47.33333333
-51.00000000
-47.33333333
-50.33333333
-47.00000000
-51.33333333
-51.33333333
-49.33333333
-49.66666667
-49.66666667
-49.00000000
-51.66666667
-49.33333333
-51.66666667
-49.33333333
-49.33333333
-49.33333333
-51.66666667
-52.00000000
-48.66666667
-52.00000000
-51.66666667
-51.66666667
-51.33333333
-49.33333333
-53.00000000
-51.66666667
-52.00000000
-49.00000000
-52.00000000
-47.00000000
-51.66666667
-51.33333333
-52.33333333
-52.00000000
-52.00000000
-49.66666667
-49.00000000
-50.66666667
-51.66666667
-51.00000000
-62.39332885
-53.33333333
-52.33333333
-51.66666667
-47.00000000
-49.33333333
-52.00000000
-51.66666667
-52.33333333
-51.33333333
-52.33333333
-47.33333333
-50.66666667
-49.00000000
-50.00000000
-52.66666667
-50.00000000
-51.66666667
-51.00000000
-51.66666667
-51.66666667
-51.66666667
-52.00000000
-49.66666667
-52.33333333
-52.00000000
-49.66666667
-49.33333333
-49.00000000
-50.00000000
-52.33333333
-49.00000000
-51.33333333
-52.33333333
-52.00000000
-49.66666667
-47.00000000
-51.66666667
-49.00000000
-49.33333333
-51.66666667
-52.66666667
-51.66666667
-49.00000000
-50.00000000
-51.33333333
-46.66666667
-52.66666667
-51.00000000
-51.33333333
-51.33333333
-51.66666667
-51.33333333
-51.50000000
-51.00000000
-52.00000000
-50.50000000
-52.00000000
-51.50000000
-51.50000000
-50.50000000
-53.00000000
-52.00000000
-52.50000000
-51.00000000
-52.00000000
-52.50000000
-48.00000000
-52.50000000
-51.50000000
-52.50000000
-52.50000000
-52.50000000
-51.50000000
-51.00000000
-52.00000000
-51.50000000
-52.00000000
-52.50000000
-51.00000000
-51.50000000
-52.00000000
-51.00000000
-51.00000000
-51.50000000
-53.00000000
-51.00000000
-52.00000000
-51.00000000
-51.00000000
-51.50000000
-52.00000000
-50.00000000
-51.00000000
-51.50000000
-52.00000000
-51.50000000
-51.50000000
-51.50000000
-51.50000000
-52.00000000
-51.50000000
-51.00000000
-51.50000000
-51.50000000
-51.00000000
-52.50000000
-52.00000000
-52.50000000
-51.50000000
-52.00000000
-51.00000000
-50.50000000
-51.50000000
-52.00000000
-52.00000000
-52.50000000
-51.00000000
-51.00000000
-52.00000000
-51.50000000
-51.50000000
-51.50000000
-51.50000000
-52.00000000
-52.50000000
-51.50000000
-53.00000000
-51.00000000
-52.00000000
-51.50000000
-50.50000000
-51.00000000
-51.00000000
-52.50000000
-52.00000000
-51.00000000
-51.50000000
-51.50000000
-51.00000000
-51.50000000
-51.50000000
-51.50000000
-51.50000000
-51.50000000
-52.00000000
-51.00000000
-51.50000000
-51.00000000
-51.50000000
-51.50000000
-51.50000000
-53.00000000
-52.00000000
-52.00000000
-51.50000000
-52.00000000
-52.00000000
-51.00000000
-51.50000000
-51.50000000
-51.00000000
-52.00000000
-50.50000000
-51.50000000
-50.50000000
-51.50000000
-51.50000000
-50.50000000
-53.50000000
-51.50000000
-50.50000000
-50.00000000
-51.50000000
-51.50000000
-51.50000000
-52.50000000
-52.00000000
-51.50000000
-51.50000000
-52.00000000
-51.00000000
-51.50000000
-52.00000000
-52.00000000
-51.50000000
-52.00000000
-52.00000000
-51.50000000
-52.00000000
-53.00000000
-51.50000000
-52.50000000
-52.50000000
-53.00000000
-51.00000000
-51.50000000
-52.00000000
-52.00000000
-52.00000000
-51.50000000
-51.50000000
-51.50000000
-50.50000000
-46.16666667
-49.50000000
-46.50000000
-50.00000000
-47.33333333
-47.16666667
-48.83333333
-48.33333333
-48.33333333
-48.66666667
-46.00000000
-51.16666667
-46.00000000
-55.33583417
-52.00000000
-54.44737319
-50.50000000
-46.16666667
-49.16666667
-47.00000000
-50.16666667
-47.33333333
-48.33333333
-47.33333333
-49.33333333
-47.33333333
-49.83333333
-47.33333333
-48.50000000
-46.00000000
-50.83333333
-46.16666667
-48.66666667
-48.33333333
-48.66666667
-47.00000000
-49.33333333
-47.33333333
-48.50000000
-47.33333333
-49.33333333
-47.16666667
-46.16666667
-50.50000000
-46.00000000
-50.83333333
-57.17650455
-50.83333333
-46.16666667
-49.00000000
-50.25000000
-48.50000000
-48.25000000
-48.00000000
-48.00000000
-50.00000000
-46.50000000
-50.25000000
-48.25000000
-48.50000000
-48.25000000
-48.50000000
-48.75000000
-48.25000000
-48.50000000
-48.75000000
-48.50000000
-48.25000000
-48.25000000
-50.00000000
-49.75000000
-48.25000000
-50.25000000
-46.75000000
-49.75000000
-48.75000000
-50.00000000
-48.50000000
-51.00000000
-46.50000000
-51.75000000
-46.50000000
-52.00000000
-46.75000000
-51.50000000
-46.50000000
-49.75000000
-46.50000000
-49.75000000
-50.25000000
-47.25000000
-50.00000000
-46.75000000
-50.25000000
-48.25000000
-48.25000000
-48.25000000
-49.75000000
-47.25000000
-49.75000000
-48.25000000
-48.50000000
-48.50000000
-48.50000000
-48.00000000
-48.50000000
-48.75000000
-48.00000000
-48.50000000
-50.00000000
-46.50000000
-52.75000000
-60.09909561
-52.00000000
-46.75000000
-50.00000000
-48.00000000
-48.50000000
-50.25000000
-48.50000000
-48.00000000
-48.00000000
-48.25000000
-50.00000000
