-59.00000000
-49.66666667
-54.33333333
-52.00000000
-56.83333333
-49.66666667
-54.33333333
-49.66666667
-54.33333333
-54.33333333
-52.00000000
-52.00000000
-52.16666667
-54.33333333
-49.66666667
-54.33333333
-52.00000000
-56.66666667
-49.66666667
-54.33333333
-49.66666667
-56.66666667
-49.66666667
-54.50000000
-52.00000000
-52.16666667
-54.33333333
-52.00000000
-54.33333333
-52.00000000
-52.00000000
-54.33333333
-49.66666667
-56.66666667
-49.66666667
-54.33333333
-54.33333333
-54.50000000
-56.66666667
-52.00000000
-54.33333333
-52.00000000
-59.16666667
-49.66666667
-54.33333333
-49.66666667
-54.33333333
-49.66666667
-59.00000000
-64.52070583
-59.25000000
-55.50000000
-52.00000000
-59.00000000
-59.50000000
-59.00000000
-59.25000000
-55.50000000
-59.00000000
-59.00000000
-55.50000000
-59.25000000
-55.50000000
-59.00000000
-55.75000000
-55.50000000
-59.25000000
-59.25000000
-59.00000000
-55.50000000
-59.25000000
-59.25000000
-59.25000000
-59.00000000
-55.50000000
-55.75000000
-59.00000000
-59.25000000
-55.50000000
-59.00000000
-59.00000000
-55.75000000
-55.75000000
-59.00000000
-59.00000000
-52.00000000
-55.50000000
-55.50000000
-59.00000000
-52.00000000
-59.00000000
-55.50000000
-59.00000000
-55.50000000
-59.00000000
-59.00000000
-52.00000000
-59.00000000
-52.00000000
-59.00000000
-59.00000000
-59.00000000
-59.00000000
-59.00000000
-59.25000000
-59.00000000
-59.00000000
-55.50000000
-59.00000000
-52.00000000
-55.50000000
-59.00000000
-59.00000000
-59.00000000
-55.50000000
-56.00000000
-55.75000000
-55.50000000
-59.00000000
-59.00000000
-59.00000000
-55.50000000
-59.25000000
-59.00000000
-59.00000000
-59.00000000
-59.00000000
-59.00000000
-59.00000000
-59.00000000
-59.00000000
-59.33333333
-59.00000000
-59.00000000
-59.00000000
-59.33333333
-59.00000000
-59.33333333
-59.00000000
-59.00000000
-59.00000000
-59.00000000
-59.00000000
-59.00000000
-59.33333333
-59.00000000
-59.33333333
-59.00000000
-59.00000000
-59.33333333
-59.00000000
-59.00000000
-59.00000000
-59.66666667
-59.00000000
-59.33333333
-59.00000000
-59.00000000
-59.00000000
-59.00000000
-59.00000000
-59.00000000
-59.00000000
-59.00000000
-59.00000000
-59.00000000
-59.00000000
-59.00000000
-59.00000000
-59.00000000
-59.00000000
-59.00000000
-59.00000000
-59.00000000
-59.00000000
-59.00000000
-59.33333333
-59.00000000
-59.00000000
-59.33333333
-59.00000000
-59.00000000
-59.00000000
-59.00000000
-59.33333333
-59.00000000
-59.00000000
-59.00000000
-59.00000000
-59.00000000
-59.00000000
-59.00000000
-59.00000000
-59.00000000
-59.00000000
-59.00000000
-59.00000000
-59.00000000
-59.00000000
-59.00000000
-59.00000000
-59.00000000
-59.00000000
-59.00000000
-59.33333333
-59.00000000
-59.00000000
-59.00000000
-59.00000000
-59.00000000
-59.00000000
-59.00000000
-59.33333333
-59.00000000
-59.00000000
-59.00000000
-59.00000000
-59.66666667
-59.33333333
-59.00000000
-59.00000000
-59.00000000
-59.00000000
-59.33333333
-59.00000000
-59.00000000
-59.50000000
-59.00000000
-59.00000000
-59.00000000
-59.00000000
-59.00000000
-59.00000000
-59.50000000
-59.50000000
-59.00000000
-59.00000000
-59.00000000
-59.50000000
-59.50000000
-59.00000000
-59.00000000
-59.00000000
-59.50000000
-59.00000000
-59.00000000
-59.00000000
-59.00000000
-59.00000000
-59.00000000
-59.00000000
-59.00000000
-59.00000000
-59.00000000
-59.00000000
-59.00000000
-59.00000000
-59.00000000
-59.00000000
-59.00000000
-59.00000000
-59.00000000
-59.00000000
-59.00000000
-59.00000000
-59.00000000
-59.00000000
-59.00000000
-59.00000000
-59.00000000
-59.00000000
-59.00000000
-59.00000000
-59.00000000
-59.00000000
-59.00000000
-59.00000000
-59.00000000
-59.00000000
-59.50000000
-59.00000000
-59.50000000
-59.00000000
-59.00000000
-59.00000000
-59.00000000
-59.00000000
-59.00000000
-59.00000000
-59.00000000
-59.50000000
-59.00000000
-59.00000000
-59.00000000
-59.00000000
-59.00000000
-59.00000000
-59.00000000
-59.00000000
-59.00000000
-59.50000000
-59.00000000
-59.00000000
-59.50000000
-59.00000000
-59.00000000
-59.00000000
-59.00000000
-59.50000000
-59.00000000
-59.00000000
-59.00000000
-59.00000000
-59.00000000
-59.50000000
-59.00000000
-59.00000000
-59.50000000
-59.00000000
-59.00000000
-59.00000000
-59.00000000
-59.00000000
-59.50000000
-59.00000000
-59.50000000
-59.00000000
-59.00000000
-59.50000000
-59.00000000
-59.50000000
-59.50000000
-59.00000000
-59.00000000
-59.00000000
-59.00000000
-59.00000000
-59.00000000
-59.00000000
-59.00000000
-59.50000000
-59.50000000
-59.00000000
-59.00000000
-59.00000000
-59.00000000
-59.00000000
-59.00000000
-59.00000000
-59.50000000
-59.00000000
-59.00000000
-59.00000000
-59.00000000
-59.00000000
-59.00000000
-59.00000000
-59.00000000
-59.00000000
-59.00000000
-59.00000000
-59.00000000
-59.00000000
-59.00000000
-59.50000000
-59.00000000
-59.00000000
-59.00000000
-59.00000000
-59.00000000
-59.00000000
-59.00000000
-59.50000000
-59.00000000
-59.00000000
-56.66666667
-47.33333333
-56.66666667
-49.66666667
-54.50000000
-52.00000000
-54.50000000
-49.66666667
-57.00000000
-49.66666667
-56.66666667
-47.33333333
-56.83333333
-47.33333333
-59.16666667
-69.18005731
-59.00000000
-47.33333333
-56.66666667
-52.00000000
-52.00000000
-52.16666667
-52.16666667
-54.50000000
-49.66666667
-54.33333333
-49.66666667
-56.66666667
-47.33333333
-59.00000000
-47.33333333
-59.00000000
-47.50000000
-56.66666667
-49.66666667
-54.50000000
-52.00000000
-52.16666667
-54.33333333
-49.66666667
-56.66666667
-52.00000000
-52.16666667
-52.00000000
-52.16666667
-52.00000000
-54.33333333
-49.66666667
-54.33333333
-50.00000000
-55.50000000
-59.00000000
-55.50000000
-59.00000000
-59.75000000
-52.00000000
-55.50000000
-55.50000000
-52.00000000
-59.00000000
-55.50000000
-59.00000000
-52.00000000
-55.50000000
-55.50000000
-55.50000000
-55.50000000
-52.00000000
-59.00000000
-55.50000000
-55.50000000
-52.00000000
-55.50000000
-55.75000000
-52.00000000
-52.00000000
-55.50000000
-55.50000000
-55.50000000
-59.25000000
-59.00000000
-59.00000000
-55.50000000
-59.00000000
-55.50000000
-55.50000000
-55.50000000
-59.00000000
-55.50000000
-59.00000000
-52.25000000
-59.25000000
-52.00000000
-55.50000000
-55.50000000
-59.00000000
-59.00000000
-55.75000000
-59.00000000
-55.50000000
-55.75000000
-59.00000000
-59.25000000
-55.75000000
-59.00000000
-55.50000000
-59.00000000
-55.50000000
-52.00000000
-59.25000000
-52.00000000
-55.75000000
-48.50000000
-59.25000000
-66.51305229
-59.00000000
-55.50000000
-59.00000000
-55.75000000
-55.50000000
-55.75000000
-55.50000000
-55.50000000
-59.00000000
-52.00000000
-59.00000000
-59.00000000
-59.00000000
-59.33333333
-59.00000000
-59.00000000
-59.00000000
-59.00000000
-59.00000000
-59.00000000
-59.00000000
-59.33333333
-59.00000000
-59.00000000
-59.00000000
-59.00000000
-59.00000000
-59.00000000
-59.00000000
-59.00000000
-59.00000000
-59.00000000
-59.00000000
-59.00000000
-59.00000000
-59.00000000
-59.00000000
-59.66666667
-59.00000000
-59.00000000
-59.00000000
-59.00000000
-59.33333333
-59.33333333
-59.00000000
-59.00000000
-59.00000000
-59.00000000
-59.00000000
-59.00000000
-59.00000000
-59.33333333
-59.00000000
-59.00000000
-59.00000000
-59.00000000
-59.00000000
-59.33333333
-59.00000000
-59.66666667
-59.00000000
-59.33333333
-59.00000000
-59.33333333
-59.00000000
-59.00000000
-59.00000000
-59.33333333
-59.00000000
-59.00000000
-59.00000000
-59.00000000
-59.00000000
-59.00000000
-59.00000000
-59.33333333
-59.00000000
-59.00000000
-59.00000000
-59.00000000
-59.00000000
-54.33333333
-59.00000000
-59.00000000
-59.33333333
-59.00000000
-59.00000000
-59.00000000
-59.00000000
-59.00000000
-59.33333333
-59.00000000
-59.66666667
-59.66666667
-59.00000000
-59.00000000
-59.00000000
-59.00000000
-59.00000000
-59.00000000
-59.33333333
-59.00000000
-59.00000000
-59.00000000
-59.00000000
-59.00000000
-59.00000000
-59.00000000
-59.00000000
-59.33333333
-59.50000000
-59.00000000
-59.50000000
-59.00000000
-59.00000000
-59.00000000
-59.50000000
-59.00000000
-59.00000000
-59.00000000
-59.00000000
-59.50000000
-59.00000000
-59.00000000
-59.00000000
-59.00000000
-59.50000000
-59.00000000
-59.00000000
-60.00000000
-59.00000000
-59.50000000
-59.00000000
-59.00000000
-59.00000000
-59.00000000
-59.00000000
-59.50000000
-59.00000000
-59.00000000
-59.00000000
-59.00000000
-59.00000000
-59.00000000
-59.00000000
-59.50000000
-59.00000000
-59.00000000
-59.00000000
-59.00000000
-59.00000000
-59.50000000
-59.00000000
-59.00000000
-59.00000000
-59.00000000
-59.00000000
-59.00000000
-59.00000000
-59.00000000
-59.50000000
-59.00000000
-59.00000000
-59.00000000
-59.50000000
-59.00000000
-59.00000000
-59.00000000
-59.00000000
-59.00000000
-59.00000000
-60.00000000
-59.00000000
-59.00000000
-59.00000000
-59.00000000
-59.00000000
-59.00000000
-59.00000000
-59.00000000
-59.00000000
-59.00000000
-59.50000000
-59.00000000
-59.00000000
-59.00000000
-59.00000000
-59.00000000
-59.00000000
-59.00000000
-59.00000000
-59.00000000
-59.50000000
-59.00000000
-59.00000000
-59.00000000
-59.00000000
-59.50000000
-59.00000000
-59.00000000
-59.00000000
-59.00000000
-59.00000000
-59.00000000
-59.00000000
-59.00000000
-59.00000000
-59.00000000
-59.00000000
-59.00000000
-59.00000000
-59.50000000
-59.50000000
-59.00000000
-59.00000000
-59.00000000
-59.00000000
-59.50000000
-59.00000000
-59.00000000
-59.00000000
-59.00000000
-59.00000000
-59.00000000
-59.50000000
-59.50000000
-60.00000000
-59.00000000
-59.00000000
-59.50000000
-59.00000000
-59.00000000
-59.00000000
-59.00000000
-59.00000000
-59.50000000
-59.00000000
-59.00000000
-59.00000000
-59.00000000
-59.00000000
-59.00000000
-59.00000000
-59.50000000
-59.00000000
-59.00000000
-59.00000000
-59.00000000
-59.00000000
-59.50000000
-59.00000000
-59.50000000
-59.50000000
-59.00000000
-59.00000000
-59.00000000
-59.00000000
-59.00000000
-59.50000000
-59.00000000
-54.33333333
-49.83333333
-54.33333333
-49.66666667
-54.33333333
-49.66666667
-54.50000000
-49.66666667
-54.50000000
-49.66666667
-54.50000000
-49.83333333
-54.50000000
-49.66666667
-54.33333333
-49.66666667
-54.33333333
-49.66666667
-54.33333333
-49.66666667
-54.33333333
-52.00000000
-54.33333333
-49.66666667
-54.66666667
-49.66666667
-54.33333333
-52.00000000
-54.33333333
-49.66666667
-54.33333333
-49.83333333
-54.50000000
-52.00000000
-52.00000000
-52.00000000
-52.00000000
-52.16666667
-52.00000000
-52.00000000
-52.00000000
-52.00000000
-52.00000000
-52.00000000
-54.33333333
-49.83333333
-54.33333333
-49.66666667
-54.50000000
-49.66666667
-55.50000000
-59.00000000
-48.50000000
-55.50000000
-52.00000000
-55.50000000
-59.00000000
-55.50000000
-55.50000000
-59.00000000
-48.75000000
-59.00000000
-52.00000000
-55.50000000
-55.75000000
-52.25000000
-55.50000000
-59.25000000
-55.50000000
-55.50000000
-55.50000000
-59.25000000
-52.00000000
-52.25000000
-59.25000000
-52.00000000
-55.75000000
-55.75000000
-48.50000000
-55.50000000
-55.50000000
-59.25000000
-55.50000000
-48.50000000
-59.00000000
-59.00000000
-55.50000000
-55.50000000
-55.50000000
-55.75000000
-55.75000000
-55.50000000
-55.50000000
-55.50000000
-52.00000000
-55.50000000
-59.25000000
-59.50000000
-60.75192092
-59.00000000
-59.25000000
-61.54019332
-59.25000000
-52.00000000
-52.00000000
-59.00000000
-52.00000000
-52.00000000
-55.50000000
-59.25000000
-48.50000000
-59.25000000
-55.50000000
-59.00000000
-55.50000000
-52.00000000
-52.00000000
-55.50000000
-59.00000000
-56.00000000
-52.25000000
-52.00000000
-55.75000000
-55.50000000
-52.00000000
-59.00000000
-59.33333333
-59.00000000
-59.66666667
-59.00000000
-59.00000000
-59.00000000
-59.33333333
-59.00000000
-59.66666667
-59.00000000
-59.33333333
-59.00000000
-59.00000000
-59.00000000
-59.00000000
-59.33333333
-59.00000000
-59.00000000
-59.00000000
-59.00000000
-59.33333333
-59.00000000
-59.33333333
-59.33333333
-59.00000000
-59.33333333
-59.00000000
-59.00000000
-59.33333333
-59.00000000
-59.00000000
-59.00000000
-59.00000000
-59.66666667
-59.33333333
-59.00000000
-59.00000000
-59.33333333
-59.00000000
-59.33333333
-59.00000000
-59.00000000
-59.00000000
-59.33333333
-59.00000000
-59.00000000
-59.33333333
-59.00000000
-59.33333333
-59.00000000
-59.00000000
-59.00000000
-59.33333333
-59.00000000
-59.00000000
-59.00000000
-59.00000000
-59.00000000
-59.33333333
-59.00000000
-59.00000000
-59.00000000
-59.00000000
-59.33333333
-59.33333333
-59.00000000
-59.00000000
-59.33333333
-59.33333333
-59.00000000
-59.00000000
-59.00000000
-59.00000000
-54.33333333
-59.33333333
-59.00000000
-59.33333333
-59.33333333
-59.00000000
-59.00000000
-59.00000000
-59.00000000
-59.00000000
-59.00000000
-59.00000000
-59.33333333
-59.00000000
-59.00000000
-59.33333333
-59.00000000
-59.00000000
-59.00000000
-59.00000000
-59.00000000
-59.00000000
-59.00000000
-59.00000000
-59.33333333
-59.00000000
-59.00000000
-59.00000000
-59.50000000
-59.50000000
-59.50000000
-59.00000000
-59.00000000
-59.00000000
-59.00000000
-59.00000000
-59.00000000
-59.00000000
-59.00000000
-59.00000000
-59.00000000
-59.00000000
-59.00000000
-59.00000000
-59.00000000
-59.00000000
-59.00000000
-59.50000000
-59.00000000
-59.00000000
-59.50000000
-59.00000000
-59.00000000
-59.00000000
-59.00000000
-59.00000000
-59.00000000
-59.00000000
-59.00000000
-59.00000000
-59.00000000
-59.50000000
-59.00000000
-59.00000000
-59.00000000
-59.00000000
-59.00000000
-59.00000000
-59.00000000
-59.00000000
-59.00000000
-60.00000000
-59.50000000
-59.00000000
-59.00000000
-59.00000000
-59.00000000
-59.00000000
-59.00000000
-59.50000000
-59.50000000
-59.50000000
-59.00000000
-59.50000000
-59.50000000
-59.00000000
-59.00000000
-59.50000000
-59.00000000
-59.00000000
-59.50000000
-59.00000000
-59.50000000
-59.00000000
-59.00000000
-59.50000000
-59.50000000
-59.00000000
-59.00000000
-59.00000000
-59.00000000
-59.00000000
-59.50000000
-59.50000000
-59.00000000
-59.50000000
-59.00000000
-59.00000000
-59.00000000
-59.00000000
-59.00000000
-59.00000000
-59.50000000
-59.00000000
-59.00000000
-59.50000000
-59.00000000
-59.00000000
-59.00000000
-59.00000000
-59.00000000
-59.00000000
-59.00000000
-59.00000000
-59.00000000
-59.00000000
-59.00000000
-59.00000000
-59.50000000
-59.00000000
-59.50000000
-59.00000000
-59.00000000
-59.00000000
-59.00000000
-59.00000000
-59.00000000
-59.00000000
-59.00000000
-59.50000000
-59.00000000
-59.00000000
-59.00000000
-59.00000000
-60.00000000
-59.00000000
-59.00000000
-59.00000000
-59.00000000
-59.00000000
-59.00000000
-59.00000000
-59.00000000
-59.00000000
-59.00000000
-59.00000000
-59.50000000
-59.00000000
-59.00000000
-59.00000000
-59.00000000
-59.00000000
-59.00000000
-59.00000000
-59.00000000
-59.00000000
-59.00000000
-59.00000000
-59.50000000
-59.00000000
-59.00000000
-59.50000000
-59.00000000
-59.00000000
-59.00000000
-59.00000000
-49.66666667
-54.33333333
-49.66666667
-54.33333333
-49.66666667
-54.50000000
-47.33333333
-56.83333333
-47.33333333
-57.00000000
-47.33333333
-56.83333333
-47.33333333
-56.66666667
-68.04643803
-59.16666667
-61.89627275
-56.83333333
-47.33333333
-57.16666667
-47.33333333
-56.83333333
-47.33333333
-56.83333333
-47.33333333
-54.33333333
-49.66666667
-54.50000000
-49.66666667
-54.33333333
-49.83333333
-54.33333333
-49.66666667
-52.00000000
-52.16666667
-52.16666667
-52.00000000
-52.16666667
-49.66666667
-54.50000000
-49.66666667
-54.50000000
-49.66666667
-54.33333333
-49.66666667
-54.33333333
-49.66666667
-54.33333333
-49.83333333
-54.33333333
-55.50000000
-52.25000000
-52.00000000
-55.50000000
-55.50000000
-52.00000000
-55.50000000
-52.00000000
-55.75000000
-52.00000000
-56.00000000
-55.50000000
-48.75000000
-59.00000000
-48.50000000
-59.00000000
-52.00000000
-55.50000000
-52.00000000
-59.00000000
-55.50000000
-59.25000000
-67.25618921
-59.00000000
-55.75000000
-48.50000000
-55.75000000
-52.25000000
-55.50000000
-52.00000000
-55.50000000
-55.50000000
-55.50000000
-48.50000000
-59.00000000
-52.00000000
-59.00000000
-48.50000000
-59.25000000
-52.00000000
-59.00000000
-52.00000000
-52.00000000
-59.00000000
-48.50000000
-59.00000000
-63.58694671
-59.25000000
-48.50000000
-59.25000000
-48.50000000
-55.75000000
-52.00000000
-55.50000000
-48.50000000
-55.50000000
-52.00000000
-59.25000000
-48.75000000
-55.50000000
-48.50000000
-59.50000000
-52.25000000
-52.00000000
-52.00000000
-52.00000000
-59.25000000
-55.50000000
-55.75000000
-48.50000000
-55.50000000
-52.00000000
-55.75000000
-55.50000000
-55.50000000
-54.66666667
-59.00000000
-59.00000000
-54.66666667
-59.00000000
-59.00000000
-59.00000000
-59.00000000
-59.00000000
-59.66666667
-59.00000000
-59.33333333
-54.33333333
-59.00000000
-59.00000000
-54.33333333
-59.33333333
-59.00000000
-54.33333333
-59.00000000
-54.33333333
-59.00000000
-59.00000000
-59.00000000
-59.33333333
-59.00000000
-59.33333333
-54.33333333
-59.00000000
-54.33333333
-54.33333333
-54.33333333
-59.33333333
-59.33333333
-59.66666667
-59.00000000
-59.00000000
-59.33333333
-59.00000000
-59.33333333
-59.00000000
-59.33333333
-59.33333333
-54.66666667
-59.33333333
-59.00000000
-55.00000000
-59.00000000
-54.33333333
-54.33333333
-59.00000000
-59.33333333
-54.33333333
-54.33333333
-59.00000000
-59.00000000
-59.00000000
-54.66666667
-59.00000000
-59.00000000
-59.00000000
-59.00000000
-59.66666667
-54.66666667
-59.00000000
-59.00000000
-59.33333333
-59.33333333
-59.33333333
-59.33333333
-59.00000000
-59.00000000
-59.33333333
-59.00000000
-59.00000000
-59.00000000
-59.00000000
-59.00000000
-54.66666667
-59.00000000
-59.00000000
-54.33333333
-59.33333333
-59.33333333
-59.00000000
-54.66666667
-59.00000000
-59.00000000
-59.00000000
-59.00000000
-59.00000000
-59.33333333
-59.66666667
-59.66666667
-54.33333333
-59.00000000
-59.00000000
-59.00000000
-59.00000000
-59.33333333
-59.00000000
-59.00000000
-59.00000000
-59.00000000
-59.00000000
-59.50000000
-59.50000000
-59.00000000
-59.50000000
-59.00000000
-59.50000000
-59.00000000
-59.00000000
-59.00000000
-59.00000000
-59.00000000
-59.50000000
-59.00000000
-59.00000000
-59.00000000
-59.00000000
-59.50000000
-59.50000000
-59.00000000
-59.00000000
-59.00000000
-59.00000000
-59.00000000
-59.00000000
-59.00000000
-59.00000000
-59.50000000
-59.00000000
-59.00000000
-59.00000000
-59.00000000
-59.00000000
-59.00000000
-59.50000000
-59.00000000
-59.00000000
-59.00000000
-59.00000000
-59.00000000
-59.50000000
-59.00000000
-59.00000000
-59.00000000
-59.50000000
-59.00000000
-59.00000000
-59.00000000
-59.50000000
-59.00000000
-59.00000000
-59.00000000
-59.00000000
-59.50000000
-59.00000000
-59.50000000
-59.00000000
-59.00000000
-59.00000000
-59.00000000
-59.50000000
-59.50000000
-59.50000000
-59.00000000
-59.00000000
-59.00000000
-59.00000000
-59.00000000
-59.00000000
-59.00000000
-59.00000000
-59.00000000
-59.50000000
-59.00000000
-59.00000000
-59.50000000
-59.00000000
-59.00000000
-59.00000000
-59.00000000
-59.00000000
-59.00000000
-59.00000000
-59.50000000
-59.00000000
-59.00000000
-59.00000000
-59.00000000
-59.50000000
-59.00000000
-59.00000000
-59.00000000
-59.50000000
-59.00000000
-59.00000000
-59.00000000
-59.00000000
-59.00000000
-59.00000000
-59.00000000
-59.50000000
-59.00000000
-59.50000000
-59.50000000
-59.00000000
-59.00000000
-59.00000000
-59.50000000
-59.00000000
-59.00000000
-59.00000000
-59.00000000
-59.00000000
-59.00000000
-59.00000000
-59.00000000
-59.00000000
-59.00000000
-59.00000000
-59.00000000
-59.00000000
-59.50000000
-59.00000000
-59.50000000
-59.00000000
-59.00000000
-59.00000000
-59.00000000
-59.00000000
-59.00000000
-60.00000000
-59.50000000
-59.00000000
-59.00000000
-59.00000000
-59.00000000
-59.00000000
-59.00000000
-59.00000000
-59.00000000
-59.00000000
-59.00000000
-59.00000000
-59.00000000
-59.00000000
-59.00000000
-52.16666667
-49.66666667
-49.66666667
-54.33333333
-47.50000000
-54.50000000
-47.33333333
-54.50000000
-47.33333333
-56.66666667
-64.44823559
-54.33333333
-49.66666667
-54.33333333
-49.83333333
-54.50000000
-47.33333333
-54.33333333
-49.66666667
-52.00000000
-52.00000000
-52.00000000
-52.00000000
-52.00000000
-52.00000000
-49.66666667
-54.33333333
-49.66666667
-49.66666667
-54.50000000
-49.66666667
-52.00000000
-52.16666667
-52.00000000
-52.16666667
-47.50000000
-54.33333333
-49.66666667
-52.00000000
-52.00000000
-49.83333333
-49.66666667
-52.00000000
-47.33333333
-56.83333333
-47.33333333
-54.33333333
-49.66666667
-54.33333333
-49.66666667
-55.50000000
-59.00000000
-64.33913299
-59.00000000
-48.50000000
-55.50000000
-48.50000000
-55.50000000
-55.50000000
-48.50000000
-55.75000000
-48.50000000
-59.25000000
-52.00000000
-52.00000000
-55.75000000
-52.00000000
-52.00000000
-55.50000000
-52.00000000
-55.50000000
-52.00000000
-55.50000000
-48.50000000
-55.50000000
-55.50000000
-52.25000000
-55.50000000
-55.50000000
-52.25000000
-52.25000000
-52.00000000
-55.50000000
-48.50000000
-55.50000000
-52.25000000
-55.50000000
-52.25000000
-52.00000000
-59.00000000
-61.42323397
-59.00000000
-68.99148675
-59.00000000
-55.50000000
-48.50000000
-59.00000000
-61.24187638
-59.00000000
-48.50000000
-55.50000000
-52.00000000
-55.50000000
-48.50000000
-55.50000000
-52.00000000
-55.50000000
-48.50000000
-55.50000000
-55.50000000
-55.75000000
-48.50000000
-55.50000000
-48.50000000
-55.50000000
-52.25000000
-52.25000000
-52.00000000
-55.50000000
-48.50000000
-55.50000000
-48.75000000
-55.50000000
-52.00000000
-52.00000000
-54.33333333
-59.00000000
-54.33333333
-59.00000000
-54.33333333
-59.00000000
-49.66666667
-59.00000000
-59.00000000
-59.33333333
-59.00000000
-54.33333333
-54.33333333
-59.33333333
-54.33333333
-59.00000000
-59.00000000
-59.00000000
-59.33333333
-54.66666667
-54.66666667
-59.00000000
-54.66666667
-59.00000000
-54.33333333
-59.00000000
-54.33333333
-54.66666667
-59.00000000
-59.33333333
-59.00000000
-54.33333333
-54.33333333
-54.66666667
-59.00000000
-54.33333333
-54.33333333
-59.00000000
-54.33333333
-59.66666667
-62.70493597
-59.00000000
-54.33333333
-59.33333333
-59.00000000
-59.00000000
-59.00000000
-49.66666667
-59.00000000
-59.00000000
-65.57038344
-59.00000000
-59.33333333
-50.00000000
-59.00000000
-54.33333333
-54.33333333
-54.33333333
-54.33333333
-54.66666667
-54.33333333
-54.66666667
-54.33333333
-59.00000000
-54.33333333
-49.66666667
-54.33333333
-54.33333333
-59.00000000
-59.00000000
-49.66666667
-59.00000000
-59.00000000
-59.33333333
-59.00000000
-59.00000000
-49.66666667
-59.00000000
-54.33333333
-59.00000000
-54.33333333
-59.00000000
-59.00000000
-59.00000000
-49.66666667
-59.00000000
-54.33333333
-59.33333333
-59.00000000
-54.66666667
-59.00000000
-59.00000000
-54.33333333
-59.00000000
-59.00000000
-59.00000000
-54.33333333
-59.33333333
-59.33333333
-54.33333333
-59.00000000
-59.00000000
-59.00000000
-59.00000000
-59.00000000
-59.00000000
-59.00000000
-59.00000000
-59.00000000
-59.50000000
-59.00000000
-59.00000000
-59.50000000
-59.00000000
-59.50000000
-59.50000000
-59.00000000
-59.00000000
-59.00000000
-59.50000000
-59.00000000
-59.50000000
-59.00000000
-59.00000000
-59.00000000
-59.00000000
-59.00000000
-59.00000000
-59.00000000
-59.00000000
-59.00000000
-59.00000000
-59.50000000
-59.50000000
-59.00000000
-59.00000000
-59.00000000
-59.00000000
-59.00000000
-59.00000000
-59.00000000
-59.00000000
-59.00000000
-59.50000000
-59.00000000
-59.50000000
-59.00000000
-59.00000000
-59.00000000
-58.50000000
-59.00000000
-59.00000000
-59.00000000
-59.50000000
-59.00000000
-59.50000000
-59.00000000
-59.00000000
-59.00000000
-59.50000000
-59.00000000
-59.00000000
-59.00000000
-59.00000000
-59.50000000
-59.50000000
-59.50000000
-59.00000000
-59.50000000
-60.00000000
-59.00000000
-59.50000000
-59.50000000
-59.50000000
-59.50000000
-59.00000000
-59.50000000
-59.00000000
-59.00000000
-59.50000000
-59.00000000
-59.00000000
-59.00000000
-59.50000000
-59.00000000
-59.00000000
-59.50000000
-59.00000000
-59.00000000
-59.00000000
-59.50000000
-59.50000000
-59.00000000
-59.00000000
-59.00000000
-59.50000000
-59.00000000
-59.50000000
-59.00000000
-59.00000000
-59.50000000
-59.00000000
-59.00000000
-59.00000000
-59.00000000
-59.00000000
-59.00000000
-59.00000000
-59.00000000
-59.00000000
-59.00000000
-59.00000000
-59.00000000
-59.00000000
-59.00000000
-59.50000000
-59.00000000
-59.00000000
-59.00000000
-59.50000000
-59.00000000
-59.50000000
-59.00000000
-59.00000000
-59.00000000
-59.00000000
-59.00000000
-59.50000000
-59.50000000
-59.00000000
-59.00000000
-59.00000000
-59.00000000
-59.00000000
-59.00000000
-59.00000000
-59.50000000
-59.00000000
-59.00000000
-59.00000000
-59.50000000
-59.00000000
-59.00000000
-59.00000000
-59.00000000
-59.00000000
-59.00000000
-59.00000000
-59.00000000
-59.00000000
-52.33333333
-52.16666667
-47.33333333
-54.50000000
-47.33333333
-57.00000000
-67.92982675
-54.66666667
-49.66666667
-52.33333333
-52.00000000
-47.33333333
-54.50000000
-47.33333333
-56.66666667
-47.50000000
-49.66666667
-54.33333333
-49.83333333
-49.66666667
-54.50000000
-49.66666667
-54.33333333
-47.50000000
-54.33333333
-49.66666667
-52.00000000
-52.16666667
-47.33333333
-54.33333333
-47.33333333
-52.33333333
-52.16666667
-47.33333333
-54.83333333
-49.66666667
-49.66666667
-49.66666667
-54.33333333
-49.66666667
-49.66666667
-52.00000000
-52.00000000
-47.33333333
-52.00000000
-49.66666667
-52.00000000
-52.00000000
-49.66666667
-52.00000000
-52.00000000
-52.25000000
-52.25000000
-52.00000000
-55.50000000
-48.50000000
-55.50000000
-48.50000000
-55.75000000
-52.00000000
-55.50000000
-48.50000000
-56.00000000
-48.75000000
-55.50000000
-55.50000000
-55.75000000
-52.00000000
-55.75000000
-52.00000000
-52.25000000
-52.25000000
-55.75000000
-52.25000000
-52.25000000
-59.25000000
-68.44616439
-59.25000000
-48.50000000
-55.75000000
-52.00000000
-55.50000000
-48.50000000
-59.25000000
-62.70777647
-59.50000000
-67.01566033
-59.00000000
-64.35028919
-59.00000000
-64.44588710
-59.25000000
-62.87319242
-59.25000000
-48.50000000
-59.50000000
-60.13126145
-59.00000000
-48.50000000
-59.25000000
-65.15386306
-59.00000000
-62.53673751
-59.50000000
-64.66917422
-59.00000000
-60.08882262
-59.00000000
-48.50000000
-55.50000000
-52.00000000
-52.00000000
-52.00000000
-52.25000000
-52.00000000
-55.75000000
-48.50000000
-59.00000000
-48.75000000
-56.00000000
-52.25000000
-52.25000000
-52.25000000
-52.00000000
-56.00000000
